Jul 02 2014 01: +0,14.748,33
Jul 03 2014 01: +0,20.908,17
Jul 04 2014 01: +0,13.525,21
Jul 05 2014 01: +0,22.403,9
Jul 06 2014 01: +0,17.858,14
Jul 07 2014 01: +0,19.681,9
Jul 08 2014 01: +0,16.021,9
Jul 09 2014 01: +0,19.201,13
Jul 10 2014 01: +0,17.853,16
Jul 11 2014 01: +0,14.372,14
Jul 12 2014 01: +0,12.913,13
Jul 13 2014 01: +0,12.997,16
Jul 14 2014 01: +0,14.704,9
Jul 15 2014 01: +0,12.702,15
Jul 16 2014 01: +0,13.292,16
Jul 17 2014 01: +0,14.265,10
Jul 18 2014 01: +0,12.42,11
Jul 19 2014 01: +0,13.314,11
Jul 20 2014 01: +0,11.731,16
Jul 21 2014 01: +0,11.077,19
Jul 22 2014 01: +0,13.272,13
Jul 23 2014 01: +0,15.645,13
Jul 24 2014 01: +0,14.831,9
Jul 25 2014 01: +0,12.037,11
Jul 26 2014 01: +0,9.999,15
Jul 27 2014 01: +0,10.469,18
Jul 28 2014 01: +0,11.603,16
Jul 29 2014 01: +0,11.175,17
Jul 30 2014 01: +0,11.718,20
Jul 31 2014 01: +0,12.242,16
Aug 01 2014 01: +0,11.299,21
Aug 02 2014 01: +0,12.165,25
Aug 03 2014 01: +0,10.521,19
Aug 04 2014 01: +0,10.352,21
Aug 05 2014 01: +0,10.538,19
Aug 06 2014 01: +0,10.433,25
Aug 07 2014 01: +0,14.396,17
Aug 08 2014 01: +0,11.481,23
Aug 09 2014 01: +0,10.978,22
Aug 10 2014 01: +0,12.369,16
Aug 11 2014 01: +0,12.956,21
Aug 12 2014 01: +0,12.179,15
Aug 13 2014 01: +0,11.453,16
Aug 14 2014 01: +0,12.207,18
Aug 15 2014 01: +0,10.723,19
Aug 16 2014 01: +0,9.632,26
Aug 17 2014 01: +0,9.886,23
Aug 18 2014 01: +0,8.937,28
Aug 19 2014 01: +0,8.733,29
Aug 20 2014 01: +0,9.528,26
Aug 21 2014 01: +0,10.997,24
Aug 22 2014 01: +0,10.605,18
Aug 23 2014 01: +0,8.961,25
Aug 24 2014 01: +0,8.662,30
Aug 25 2014 01: +0,10.567,21
Aug 26 2014 01: +0,10.191,20
Aug 27 2014 01: +0,8.835,33
Aug 28 2014 01: +0,8.338,18
Aug 29 2014 01: +0,7.743,32
Aug 30 2014 01: +0,8.976,38
Aug 31 2014 01: +0,8.598,21
Sep 01 2014 01: +0,7.906,27
Sep 02 2014 01: +0,7.95,30
Sep 03 2014 01: +0,8.186,24
Sep 04 2014 01: +0,8.006,25
Sep 05 2014 01: +0,7.854,32
Sep 06 2014 01: +0,8.326,27
Sep 07 2014 01: +0,8.226,26
Sep 08 2014 01: +0,8.173,21
Sep 09 2014 01: +0,7.568,31
Sep 10 2014 01: +0,8.628,20
Sep 11 2014 01: +0,7.857,28
Sep 12 2014 01: +0,7.799,38
Sep 13 2014 01: +0,7.455,35
Sep 14 2014 01: +0,6.955,42
Sep 15 2014 01: +0,6.92,34
Sep 16 2014 01: +0,7.266,35
Sep 17 2014 01: +0,6.864,36
Sep 18 2014 01: +0,7.537,32
Sep 19 2014 01: +0,7.062,24
Sep 20 2014 01: +0,6.556,39
Sep 21 2014 01: +0,6.519,35
Sep 22 2014 01: +0,6.931,28
Sep 23 2014 01: +0,7.239,30
Sep 24 2014 01: +0,6.495,21
Sep 25 2014 01: +0,6.603,36
Sep 26 2014 01: +0,6.664,33
Sep 27 2014 01: +0,6.985,38
Sep 28 2014 01: +0,7.372,23
Sep 29 2014 01: +0,7.293,36
Sep 30 2014 01: +0,6.971,30
Oct 01 2014 01: +0,6.944,29
Oct 02 2014 01: +0,6.938,27
Oct 03 2014 01: +0,6.328,34
Oct 04 2014 01: +0,6.137,43
Oct 05 2014 01: +0,6.304,37
Oct 06 2014 01: +0,6.593,24
Oct 07 2014 01: +0,6.942,25
Oct 08 2014 01: +0,6.571,36
Oct 09 2014 01: +0,6.804,31
Oct 10 2014 01: +0,7.177,30
Oct 11 2014 01: +0,7.463,33
Oct 12 2014 01: +0,7.04,37
Oct 13 2014 01: +0,7.074,37
Oct 14 2014 01: +0,5.831,30
Oct 15 2014 01: +0,5.935,35
Oct 16 2014 01: +0,5.901,35
Oct 17 2014 01: +0,5.946,41
Oct 18 2014 01: +0,6.301,41
Oct 19 2014 01: +0,6.999,32
Oct 20 2014 01: +0,6.348,33
Oct 21 2014 01: +0,5.878,30
Oct 22 2014 01: +0,6.258,33
Oct 23 2014 01: +0,6.836,29
Oct 24 2014 01: +0,6.366,26
Oct 25 2014 01: +0,6.032,37
Oct 26 2014 01: +0,5.76,35
Oct 27 2014 01: +0,5.641,40
Oct 28 2014 01: +0,5.828,33
Oct 29 2014 01: +0,5.835,28
Oct 30 2014 01: +0,6.002,36
Oct 31 2014 01: +0,5.751,59
Nov 01 2014 01: +0,5.621,39
Nov 02 2014 01: +0,5.703,47
Nov 03 2014 01: +0,5.656,34
Nov 04 2014 01: +0,6.068,26
Nov 05 2014 01: +0,5.561,34
Nov 06 2014 01: +0,6.005,34
Nov 07 2014 01: +0,6.667,33
Nov 08 2014 01: +0,5.879,35
Nov 09 2014 01: +0,5.59,45
Nov 10 2014 01: +0,5.901,26
Nov 11 2014 01: +0,5.649,29
Nov 12 2014 01: +0,4.219,57
Nov 13 2014 01: +0,4.943,35
Nov 14 2014 01: +0,5.457,35
Nov 15 2014 01: +0,4.941,40
Nov 16 2014 01: +0,4.429,48
Nov 17 2014 01: +0,4.762,30
Nov 18 2014 01: +0,4.855,37
Nov 19 2014 01: +0,4.49,24
Nov 20 2014 01: +0,4.889,35
Nov 21 2014 01: +0,4.952,30
Nov 22 2014 01: +0,4.585,36
Nov 23 2014 01: +0,4.611,44
Nov 24 2014 01: +0,5.003,38
Nov 25 2014 01: +0,5.337,29
Nov 26 2014 01: +0,5.209,35
Nov 27 2014 01: +0,5.183,39
Nov 28 2014 01: +0,4.97,41
Nov 29 2014 01: +0,6.526,23
Nov 30 2014 01: +0,4.443,99
Dec 01 2014 01: +0,4.676,49
Dec 02 2014 01: +0,5.658,42
Dec 03 2014 01: +0,6.38,40
Dec 04 2014 01: +0,6.794,30
Dec 05 2014 01: +0,6.28,37
Dec 06 2014 01: +0,6.395,49
Dec 07 2014 01: +0,6.318,49
Dec 08 2014 01: +0,5.91,37
Dec 09 2014 01: +0,5.732,41
Dec 10 2014 01: +0,5.448,36
Dec 11 2014 01: +0,5.302,54
Dec 12 2014 01: +0,5.33,38
Dec 13 2014 01: +0,5.425,61
Dec 14 2014 01: +0,5.235,53
Dec 15 2014 01: +0,5.931,44
Dec 16 2014 01: +0,5.187,34
Dec 17 2014 01: +0,5.444,44
Dec 18 2014 01: +0,5.49,41
Dec 19 2014 01: +0,5.738,54
Dec 20 2014 01: +0,5.96,49
Dec 21 2014 01: +0,5.771,51
Dec 22 2014 01: +0,5.669,57
Dec 23 2014 01: +0,5.839,47
Dec 24 2014 01: +0,5.884,50
Dec 25 2014 01: +0,6.166,61
Dec 26 2014 01: +0,6.367,56
Dec 27 2014 01: +0,6.544,50
Dec 28 2014 01: +0,6.639,42
Dec 29 2014 01: +0,6.613,50
Dec 30 2014 01: +0,6.237,60
Dec 31 2014 01: +0,6.502,48
Jan 01 2015 01: +0,6.29,52
Jan 02 2015 01: +0,5.739,75
Jan 03 2015 01: +0,5.701,54
Jan 04 2015 01: +0,5.515,80
Jan 05 2015 01: +0,5.765,67
Jan 06 2015 01: +0,5.717,63
Jan 07 2015 01: +0,6.147,56
Jan 08 2015 01: +0,6.214,60
Jan 09 2015 01: +0,5.638,68
Jan 10 2015 01: +0,5.439,77
Jan 11 2015 01: +0,5.661,76
Jan 12 2015 01: +0,5.336,61
Jan 13 2015 01: +0,5.444,72
Jan 14 2015 01: +0,5.458,56
Jan 15 2015 01: +0,5.356,68
Jan 16 2015 01: +0,4.768,71
Jan 17 2015 01: +0,4.889,91
Jan 18 2015 01: +0,5.322,75
Jan 19 2015 01: +0,5.282,68
Jan 20 2015 01: +0,5.112,72
Jan 21 2015 01: +0,5.048,60
Jan 22 2015 01: +0,4.986,55
Jan 23 2015 01: +0,5.11,77
Jan 24 2015 01: +0,5.295,74
Jan 25 2015 01: +0,5.166,74
Jan 26 2015 01: +0,4.808,72
Jan 27 2015 01: +0,5.175,56
Jan 28 2015 01: +0,5.139,61
Jan 29 2015 01: +0,5.001,69
Jan 30 2015 01: +0,5.374,69
Jan 31 2015 01: +0,5.501,72
Feb 01 2015 01: +0,5.214,69
Feb 02 2015 01: +0,5.267,69
Feb 03 2015 01: +0,5.227,68
Feb 04 2015 01: +0,5.655,69
Feb 05 2015 01: +0,5.448,64
Feb 06 2015 01: +0,5.291,70
Feb 07 2015 01: +0,5.378,73
Feb 08 2015 01: +0,5.097,75
Feb 09 2015 01: +0,4.99,63
Feb 10 2015 01: +0,5.37,54
Feb 11 2015 01: +0,5.246,53
Feb 12 2015 01: +0,4.922,66
Feb 13 2015 01: +0,4.947,79
Feb 14 2015 01: +0,5.177,93
Feb 15 2015 01: +0,5.305,70
Feb 16 2015 01: +0,5.187,64
Feb 17 2015 01: +0,5.024,68
Feb 18 2015 01: +0,4.827,58
Feb 19 2015 01: +0,4.845,62
Feb 20 2015 01: +0,4.974,82
Feb 21 2015 01: +0,4.914,69
Feb 22 2015 01: +0,5.104,58
Feb 23 2015 01: +0,4.873,44
Feb 24 2015 01: +0,5.058,52
Feb 25 2015 01: +0,5.329,49
Feb 26 2015 01: +0,5.396,46
Feb 27 2015 01: +0,5.011,70
Feb 28 2015 01: +0,4.581,70
Mar 01 2015 01: +0,4.867,77
Mar 02 2015 01: +0,4.863,57
Mar 03 2015 01: +0,5.127,58
Mar 04 2015 01: +0,5.019,55
Mar 05 2015 01: +0,5.238,60
Mar 06 2015 01: +0,5.353,62
Mar 07 2015 01: +0,5.201,58
Mar 08 2015 01: +0,5.037,72
Mar 09 2015 01: +0,5.211,49
Mar 10 2015 01: +0,5.189,42
Mar 11 2015 01: +0,4.901,55
Mar 12 2015 01: +0,5.15,50
Mar 13 2015 01: +0,4.753,62
Mar 14 2015 01: +0,5.043,73
Mar 15 2015 01: +0,4.702,81
Mar 16 2015 01: +0,4.618,78
Mar 17 2015 01: +0,4.967,59
Mar 18 2015 01: +0,5.275,55
Mar 19 2015 01: +0,4.951,64
Mar 20 2015 01: +0,4.923,66
Mar 21 2015 01: +0,4.931,85
Mar 22 2015 01: +0,5.22,62
Mar 23 2015 01: +0,5.38,67
Mar 24 2015 01: +0,5.519,47
Mar 25 2015 01: +0,5.402,54
Mar 26 2015 01: +0,4.937,57
Mar 27 2015 01: +0,4.926,76
Mar 28 2015 01: +0,5.12,67
Mar 29 2015 01: +0,5.141,74
Mar 30 2015 01: +0,5.264,51
Mar 31 2015 01: +0,4.681,82
Apr 01 2015 01: +0,4.665,95
Apr 02 2015 01: +0,5.098,71
Apr 03 2015 01: +0,4.889,78
Apr 04 2015 01: +0,5.131,99
Apr 05 2015 01: +0,4.848,92
Apr 06 2015 01: +0,5.195,80
Apr 07 2015 01: +0,5.163,78
Apr 08 2015 01: +0,5.089,74
Apr 09 2015 01: +0,5.211,78
Apr 10 2015 01: +0,5.221,72
Apr 11 2015 01: +0,5.292,94
Apr 12 2015 01: +0,5.42,75
Apr 13 2015 01: +0,5.003,72
Apr 14 2015 01: +0,4.853,52
Apr 15 2015 01: +0,4.652,48
Apr 16 2015 01: +0,4.38,89
Apr 17 2015 01: +0,4.491,76
Apr 18 2015 01: +0,4.468,101
Apr 19 2015 01: +0,4.806,79
Apr 20 2015 01: +0,4.4,79
Apr 21 2015 01: +0,4.696,66
Apr 22 2015 01: +0,4.588,63
Apr 23 2015 01: +0,4.48,78
Apr 24 2015 01: +0,4.609,74
Apr 25 2015 01: +0,4.512,95
Apr 26 2015 01: +0,4.539,82
Apr 27 2015 01: +0,4.471,77
Apr 28 2015 01: +0,4.166,66
Apr 29 2015 01: +0,4.723,65
Apr 30 2015 01: +0,4.834,82
May 01 2015 01: +0,4.549,82
May 02 2015 01: +0,4.67,88
May 03 2015 01: +0,4.834,71
May 04 2015 01: +0,4.648,78
May 05 2015 01: +0,4.895,82
May 06 2015 01: +0,4.934,73
May 07 2015 01: +0,5.025,70
May 08 2015 01: +0,5.199,88
May 09 2015 01: +0,4.9,70
May 10 2015 01: +0,5.095,62
May 11 2015 01: +0,5.101,82
May 12 2015 01: +0,5.921,56
May 13 2015 01: +0,5.494,62
May 14 2015 01: +0,5.402,80
May 15 2015 01: +0,5.752,67
May 16 2015 01: +0,5.732,82
May 17 2015 01: +0,5.582,84
May 18 2015 01: +0,5.03,67
May 19 2015 01: +0,5.802,50
May 20 2015 01: +0,5.278,46
May 21 2015 01: +0,5.269,60
May 22 2015 01: +0,5.234,89
May 23 2015 01: +0,5.411,88
May 24 2015 01: +0,5.975,65
May 25 2015 01: +0,5.962,64
May 26 2015 01: +0,5.812,68
May 27 2015 01: +0,4.351,148
May 28 2015 01: +0,5.043,96
May 29 2015 01: +0,4.848,97
May 30 2015 01: +0,5.372,96
May 31 2015 01: +0,5.569,87
Jun 01 2015 01: +0,5.783,83
Jun 02 2015 01: +0,5.618,87
Jun 03 2015 01: +0,5.725,72
Jun 04 2015 01: +0,5.6,68
Jun 05 2015 01: +0,5.335,78
Jun 06 2015 01: +0,5.563,67
Jun 07 2015 01: +0,5.209,100
Jun 08 2015 01: +0,5.13,67
Jun 09 2015 01: +0,5.081,80
Jun 10 2015 01: +0,5.116,78
Jun 11 2015 01: +0,4.731,73
Jun 12 2015 01: +0,4.661,87
Jun 13 2015 01: +0,4.692,90
Jun 14 2015 01: +0,4.946,83
Jun 15 2015 01: +0,4.906,80
Jun 16 2015 01: +0,4.994,66
Jun 17 2015 01: +0,4.574,72
Jun 18 2015 01: +0,4.968,72
Jun 19 2015 01: +0,4.854,85
Jun 20 2015 01: +0,4.945,83
Jun 21 2015 01: +0,4.579,86
Jun 22 2015 01: +0,4.476,85
Jun 23 2015 01: +0,4.897,67
Jun 24 2015 01: +0,5.364,68
Jun 25 2015 01: +0,5.382,58
Jun 26 2015 01: +0,5.14,76
Jun 27 2015 01: +0,5.433,76
Jun 28 2015 01: +0,5.353,68
Jun 29 2015 01: +0,5.432,55
Jun 30 2015 01: +0,5.675,75
Jul 01 2015 01: +0,5.217,70
Jul 02 2015 01: +0,5.034,66
Jul 03 2015 01: +0,4.924,88
Jul 04 2015 01: +0,4.855,75
Jul 05 2015 01: +0,5.189,80
Jul 06 2015 01: +0,5.254,72
Jul 07 2015 01: +0,5.572,59
Jul 08 2015 01: +0,5.19,65
Jul 09 2015 01: +0,5.126,72
Jul 10 2015 01: +0,5.677,76
Jul 11 2015 01: +0,5.329,65
Jul 12 2015 01: +0,5.251,68
Jul 13 2015 01: +0,5.208,69
Jul 14 2015 01: +0,5.26,70
Jul 15 2015 01: +0,4.955,79
Jul 16 2015 01: +0,5.155,57
Jul 17 2015 01: +0,5.18,67
Jul 18 2015 01: +0,5.181,77
Jul 19 2015 01: +0,5.396,60
Jul 20 2015 01: +0,5.543,70
Jul 21 2015 01: +0,5.103,67
Jul 22 2015 01: +0,5.314,64
Jul 23 2015 01: +0,5.274,64
Jul 24 2015 01: +0,5.706,57
Jul 25 2015 01: +0,5.23,69
Jul 26 2015 01: +0,5.25,60
Jul 27 2015 01: +0,5.159,66
Jul 28 2015 01: +0,5.43,61
Jul 29 2015 01: +0,5.522,55
Jul 30 2015 01: +0,5.397,42
Jul 31 2015 01: +0,5.492,71
Aug 01 2015 01: +0,5.379,59
Aug 02 2015 01: +0,5.128,62
Aug 03 2015 01: +0,5.732,62
Aug 04 2015 01: +0,5.287,68
Aug 05 2015 01: +0,5.439,70
Aug 06 2015 01: +0,5.566,59
Aug 07 2015 01: +0,5.187,61
Aug 08 2015 01: +0,5.348,70
Aug 09 2015 01: +0,5.677,72
Aug 10 2015 01: +0,6.111,72
Aug 11 2015 01: +0,6.027,55
Aug 12 2015 01: +0,5.546,65
Aug 13 2015 01: +0,5.654,54
Aug 14 2015 01: +0,5.58,61
Aug 15 2015 01: +0,5.457,64
Aug 16 2015 01: +0,5.425,64
Aug 17 2015 01: +0,5.132,44
Aug 18 2015 01: +0,5.581,57
Aug 19 2015 01: +0,5.508,50
Aug 20 2015 01: +0,5.394,56
Aug 21 2015 01: +0,5.11,75
Aug 22 2015 01: +0,5.557,67
Aug 23 2015 01: +0,5.419,77
Aug 24 2015 01: +0,5.355,87
Aug 25 2015 01: +0,6.228,54
Aug 26 2015 01: +0,5.941,55
Aug 27 2015 01: +0,6.17,55
Aug 28 2015 01: +0,6.648,51
Aug 29 2015 01: +0,6.889,59
Aug 30 2015 01: +0,7.175,60
Aug 31 2015 01: +0,6.773,45
Sep 01 2015 01: +0,6.378,57
Sep 02 2015 01: +0,6.628,52
Sep 03 2015 01: +0,6.626,70
Sep 04 2015 01: +0,6.109,56
Sep 05 2015 01: +0,5.992,70
Sep 06 2015 01: +0,6.11,68
Sep 07 2015 01: +0,6.304,64
Sep 08 2015 01: +0,6.003,61
Sep 09 2015 01: +0,5.992,44
Sep 10 2015 01: +0,6.038,56
Sep 11 2015 01: +0,6.795,71
Sep 12 2015 01: +0,6.649,61
Sep 13 2015 01: +0,6.113,79
Sep 14 2015 01: +0,6.211,63
Sep 15 2015 01: +0,7.096,49
Sep 16 2015 01: +0,9.419,60
Sep 17 2015 01: +0,8.368,61
Sep 18 2015 01: +0,8.054,83
Sep 19 2015 01: +0,6.086,88
Sep 20 2015 01: +0,6.409,102
Sep 21 2015 01: +0,6.908,73
Sep 22 2015 01: +0,6.31,67
Sep 23 2015 01: +0,5.942,51
Sep 24 2015 01: +0,5.791,80
Sep 25 2015 01: +0,5.999,71
Sep 26 2015 01: +0,6.286,82
Sep 27 2015 01: +0,6.022,69
Sep 28 2015 01: +0,6.451,69
Sep 29 2015 01: +0,6.564,53
Sep 30 2015 01: +0,6.952,39
Oct 01 2015 01: +0,6.542,71
Oct 02 2015 01: +0,6.36,69
Oct 03 2015 01: +0,6.276,62
Oct 04 2015 01: +0,5.774,62
Oct 05 2015 01: +0,5.641,63
Oct 06 2015 01: +0,6.238,64
Oct 07 2015 01: +0,6.235,43
Oct 08 2015 01: +0,6.364,48
Oct 09 2015 01: +0,6.079,44
Oct 10 2015 01: +0,5.883,67
Oct 11 2015 01: +0,6.111,64
Oct 12 2015 01: +0,5.915,72
Oct 13 2015 01: +0,5.978,51
Oct 14 2015 01: +0,6.236,65
Oct 15 2015 01: +0,6.016,60
Oct 16 2015 01: +0,7.508,48
Oct 17 2015 01: +0,6.768,60
Oct 18 2015 01: +0,6.697,63
Oct 19 2015 01: +0,5.623,44
Oct 20 2015 01: +0,6.027,44
Oct 21 2015 01: +0,5.825,51
Oct 22 2015 01: +0,5.677,47
Oct 23 2015 01: +0,6.005,59
Oct 24 2015 01: +0,6.073,57
Oct 25 2015 01: +0,6.036,56
Oct 26 2015 01: +0,5.752,63
Oct 27 2015 01: +0,5.987,52
Oct 28 2015 01: +0,5.806,51
Oct 29 2015 01: +0,5.891,54
Oct 30 2015 01: +0,5.867,68
Oct 31 2015 01: +0,5.801,61
Nov 01 2015 01: +0,5.531,87
Nov 02 2015 01: +0,5.199,58
Nov 03 2015 01: +0,4.796,61
Nov 04 2015 01: +0,5.43,56
Nov 05 2015 01: +0,5.736,45
Nov 06 2015 01: +0,5.454,64
Nov 07 2015 01: +0,5.997,73
Nov 08 2015 01: +0,5.976,48
Nov 09 2015 01: +0,5.844,55
Nov 10 2015 01: +0,5.356,48
Nov 11 2015 01: +0,5.354,49
Nov 12 2015 01: +0,5.417,40
Nov 13 2015 01: +0,5.324,50
Nov 14 2015 01: +0,5.524,55
Nov 15 2015 01: +0,5.429,47
Nov 16 2015 01: +0,5.283,44
Nov 17 2015 01: +0,5.836,56
Nov 18 2015 01: +0,6.818,39
Nov 19 2015 01: +0,6.839,38
Nov 20 2015 01: +0,6.073,25
Nov 21 2015 01: +0,6.548,46
Nov 22 2015 01: +0,5.784,42
Nov 23 2015 01: +0,6.088,40
Nov 24 2015 01: +0,5.816,38
Nov 25 2015 01: +0,5.863,47
Nov 26 2015 01: +0,5.315,55
Nov 27 2015 01: +0,5.128,64
Nov 28 2015 01: +0,5.042,78
Nov 29 2015 01: +0,5.399,54
Nov 30 2015 01: +0,4.828,61
Dec 01 2015 01: +0,5.238,46
Dec 02 2015 01: +0,5.523,41
Dec 03 2015 01: +0,5.835,54
Dec 04 2015 01: +0,5.776,45
Dec 05 2015 01: +0,6.199,53
Dec 06 2015 01: +0,6.758,53
Dec 07 2015 01: +0,6.382,30
Dec 08 2015 01: +0,6.883,44
Dec 09 2015 01: +0,5.832,49
Dec 10 2015 01: +0,5.571,43
Dec 11 2015 01: +0,5.71,44
Dec 12 2015 01: +0,5.385,68
Dec 13 2015 01: +0,5.608,57
Dec 14 2015 01: +0,5.234,59
Dec 15 2015 01: +0,5.808,38
Dec 16 2015 01: +0,5.826,34
Dec 17 2015 01: +0,5.903,42
Dec 18 2015 01: +0,5.666,41
Dec 19 2015 01: +0,6.022,50
Dec 20 2015 01: +0,5.623,44
Dec 21 2015 01: +0,5.233,61
Dec 22 2015 01: +0,5.546,48
Dec 23 2015 01: +0,5.225,51
Dec 24 2015 01: +0,5.043,67
Dec 25 2015 01: +0,5.639,60
Dec 26 2015 01: +0,5.955,50
Dec 27 2015 01: +0,5.842,72
Dec 28 2015 01: +0,6.489,47
Dec 29 2015 01: +0,6.027,63
Dec 30 2015 01: +0,5.678,54
Dec 31 2015 01: +0,5.028,74
Jan 01 2016 01: +0,5.192,56
Jan 02 2016 01: +0,5.229,65
Jan 03 2016 01: +0,5.074,64
Jan 04 2016 01: +0,4.891,53
Jan 05 2016 01: +0,5.587,50
Jan 06 2016 01: +0,5.866,40
Jan 07 2016 01: +0,5.941,35
Jan 08 2016 01: +0,5.757,41
Jan 09 2016 01: +0,5.756,56
Jan 10 2016 01: +0,5.648,51
Jan 11 2016 01: +0,5.554,53
Jan 12 2016 01: +0,5.67,32
Jan 13 2016 01: +0,5.669,46
Jan 14 2016 01: +0,5.4,45
Jan 15 2016 01: +0,5.699,52
Jan 16 2016 01: +0,5.552,52
Jan 17 2016 01: +0,5.265,62
Jan 18 2016 01: +0,5.524,55
Jan 19 2016 01: +0,5.656,41
Jan 20 2016 01: +0,5.493,44
Jan 21 2016 01: +0,5.734,42
Jan 22 2016 01: +0,5.593,46
Jan 23 2016 01: +0,6.027,61
Jan 24 2016 01: +0,5.831,40
Jan 25 2016 01: +0,5.812,43
Jan 26 2016 01: +0,5.672,43
Jan 27 2016 01: +0,5.734,50
Jan 28 2016 01: +0,5.633,49
Jan 29 2016 01: +0,6.035,42
Jan 30 2016 01: +0,5.796,59
Jan 31 2016 01: +0,5.694,47
Feb 01 2016 01: +0,5.713,56
Feb 02 2016 01: +0,5.806,46
Feb 03 2016 01: +0,6.553,49
Feb 04 2016 01: +0,5.944,53
Feb 05 2016 01: +0,6.041,46
Feb 06 2016 01: +0,5.244,65
Feb 07 2016 01: +0,5.162,58
Feb 08 2016 01: +0,4.901,45
Feb 09 2016 01: +0,4.658,48
Feb 10 2016 01: +0,5.134,65
Feb 11 2016 01: +0,5.669,52
Feb 12 2016 01: +0,5.272,57
Feb 13 2016 01: +0,5.714,59
Feb 14 2016 01: +0,5.793,51
Feb 15 2016 01: +0,5.935,60
Feb 16 2016 01: +0,5.768,50
Feb 17 2016 01: +0,5.877,52
Feb 18 2016 01: +0,4.297,83
Feb 19 2016 01: +0,4.177,63
Feb 20 2016 01: +0,5.048,84
Feb 21 2016 01: +0,4.437,91
Feb 22 2016 01: +0,4.817,53
Feb 23 2016 01: +0,4.749,48
Feb 24 2016 01: +0,4.721,66
Feb 25 2016 01: +0,4.828,51
Feb 26 2016 01: +0,4.854,69
Feb 27 2016 01: +0,5.6,70
Feb 28 2016 01: +0,5.565,47
Feb 29 2016 01: +0,5.105,50
Mar 01 2016 01: +0,5.339,57
Mar 02 2016 01: +0,5.538,50
Mar 03 2016 01: +0,5.485,39
Mar 04 2016 01: +0,5.226,54
Mar 05 2016 01: +0,5.418,66
Mar 06 2016 01: +0,5.134,57
Mar 07 2016 01: +0,5.314,52
Mar 08 2016 01: +0,4.81,57
Mar 09 2016 01: +0,4.905,44
Mar 10 2016 01: +0,5.094,50
Mar 11 2016 01: +0,5.197,54
Mar 12 2016 01: +0,5.174,53
Mar 13 2016 01: +0,5.66,47
Mar 14 2016 01: +0,6.016,51
Mar 15 2016 01: +0,6.183,36
Mar 16 2016 01: +0,5.904,36
Mar 17 2016 01: +0,5.533,36
Mar 18 2016 01: +0,5.676,44
Mar 19 2016 01: +0,5.502,47
Mar 20 2016 01: +0,5.54,61
Mar 21 2016 01: +0,5.549,32
Mar 22 2016 01: +0,5.515,44
Mar 23 2016 01: +0,5.646,37
Mar 24 2016 01: +0,5.647,27
Mar 25 2016 01: +0,5.379,37
Mar 26 2016 01: +0,4.988,53
Mar 27 2016 01: +0,5.241,43
Mar 28 2016 01: +0,5.232,37
Mar 29 2016 01: +0,5.123,41
Mar 30 2016 01: +0,5.243,57
Mar 31 2016 01: +0,5.468,45
Apr 01 2016 01: +0,5.751,50
Apr 02 2016 01: +0,5.808,51
Apr 03 2016 01: +0,5.554,47
Apr 04 2016 01: +0,5.341,55
Apr 05 2016 01: +0,5.695,50
Apr 06 2016 01: +0,5.842,32
Apr 07 2016 01: +0,5.926,39
Apr 08 2016 01: +0,5.471,49
Apr 09 2016 01: +0,5.54,56
Apr 10 2016 01: +0,5.425,47
Apr 11 2016 01: +0,5.565,44
Apr 12 2016 01: +0,5.452,39
Apr 13 2016 01: +0,5.3,36
Apr 14 2016 01: +0,5.463,42
Apr 15 2016 01: +0,5.499,39
Apr 16 2016 01: +0,5.407,56
Apr 17 2016 01: +0,5.577,38
Apr 18 2016 01: +0,5.526,34
Apr 19 2016 01: +0,5.702,33
Apr 20 2016 01: +0,5.656,34
Apr 21 2016 01: +0,6.214,34
Apr 22 2016 01: +0,5.894,31
Apr 23 2016 01: +0,5.521,40
Apr 24 2016 01: +0,5.489,40
Apr 25 2016 01: +0,5.551,42
Apr 26 2016 01: +0,5.523,34
Apr 27 2016 01: +0,5.515,33
Apr 28 2016 01: +0,5.405,34
Apr 29 2016 01: +0,5.398,59
Apr 30 2016 01: +0,6.038,51
May 01 2016 01: +0,5.603,47
May 02 2016 01: +0,5.398,46
May 03 2016 01: +0,5.525,44
May 04 2016 01: +0,5.389,40
May 05 2016 01: +0,4.949,42
May 06 2016 01: +0,5.107,34
May 07 2016 01: +0,5.139,48
May 08 2016 01: +0,4.858,37
May 09 2016 01: +0,5.292,42
May 10 2016 01: +0,5.214,32
May 11 2016 01: +0,4.897,34
May 12 2016 01: +0,4.914,32
May 13 2016 01: +0,4.833,41
May 14 2016 01: +0,5.028,50
May 15 2016 01: +0,4.792,50
May 16 2016 01: +0,4.903,38
May 17 2016 01: +0,4.595,31
May 18 2016 01: +0,4.504,31
May 19 2016 01: +0,4.414,30
May 20 2016 01: +0,4.611,49
May 21 2016 01: +0,4.847,34
May 22 2016 01: +0,4.529,46
May 23 2016 01: +0,4.683,39
May 24 2016 01: +0,4.749,33
May 25 2016 01: +0,4.527,31
May 26 2016 01: +0,4.6,36
May 27 2016 01: +0,4.655,36
May 28 2016 01: +0,4.701,36
May 29 2016 01: +0,4.436,40
May 30 2016 01: +0,4.847,42
May 31 2016 01: +0,4.778,28
Jun 01 2016 01: +0,4.648,44
Jun 02 2016 01: +0,4.609,46
Jun 03 2016 01: +0,4.825,40
Jun 04 2016 01: +0,4.784,51
Jun 05 2016 01: +0,4.493,33
Jun 06 2016 01: +0,4.457,42
Jun 07 2016 01: +0,4.584,36
Jun 08 2016 01: +0,4.717,39
Jun 09 2016 01: +0,4.774,37
Jun 10 2016 01: +0,4.768,49
Jun 11 2016 01: +0,5.224,30
Jun 12 2016 01: +0,5.124,34
Jun 13 2016 01: +0,5.046,31
Jun 14 2016 01: +0,4.962,27
Jun 15 2016 01: +0,4.582,25
Jun 16 2016 01: +0,4.519,33
Jun 17 2016 01: +0,4.674,48
Jun 18 2016 01: +0,4.847,38
Jun 19 2016 01: +0,4.769,48
Jun 20 2016 01: +0,4.603,33
Jun 21 2016 01: +0,4.249,39
Jun 22 2016 01: +0,4.491,40
Jun 23 2016 01: +0,3.63,40
Jun 24 2016 01: +0,3.603,54
Jun 25 2016 01: +0,3.565,61
Jun 26 2016 01: +0,3.655,63
Jun 27 2016 01: +0,3.902,46
Jun 28 2016 01: +0,3.619,47
Jun 29 2016 01: +0,3.802,54
Jun 30 2016 01: +0,4.078,43
Jul 01 2016 01: +0,4.039,35
Jul 02 2016 01: +0,3.923,40
Jul 03 2016 01: +0,3.25,34
Jul 04 2016 01: +0,3.401,44
Jul 05 2016 01: +0,3.712,45
Jul 06 2016 01: +0,4.234,40
Jul 07 2016 01: +0,4.499,43
Jul 08 2016 01: +0,4.602,30
Jul 09 2016 01: +0,4.348,39
Jul 10 2016 01: +0,4.662,41
Jul 11 2016 01: +0,4.406,35
Jul 12 2016 01: +0,4.863,36
Jul 13 2016 01: +0,5.291,25
Jul 14 2016 01: +0,4.768,31
Jul 15 2016 01: +0,4.422,32
Jul 16 2016 01: +0,4.571,43
Jul 17 2016 01: +0,5.182,43
Jul 18 2016 01: +0,6.045,30
Jul 19 2016 01: +0,5.849,23
Jul 20 2016 01: +0,5.427,32
Jul 21 2016 01: +0,4.896,25
Jul 22 2016 01: +0,4.755,43
Jul 23 2016 01: +0,4.826,33
Jul 24 2016 01: +0,4.676,31
Jul 25 2016 01: +0,4.589,25
Jul 26 2016 01: +0,4.659,29
Jul 27 2016 01: +0,4.37,32
Jul 28 2016 01: +0,4.872,37
Jul 29 2016 01: +0,4.866,33
Jul 30 2016 01: +0,4.672,39
Jul 31 2016 01: +0,4.984,30
Aug 01 2016 01: +0,5.167,23
Aug 02 2016 01: +0,5.22,31
Aug 03 2016 01: +0,4.974,33
Aug 04 2016 01: +0,4.769,30
Aug 05 2016 01: +0,4.631,28
Aug 06 2016 01: +0,4.484,33
Aug 07 2016 01: +0,4.517,31
Aug 08 2016 01: +0,4.827,36
Aug 09 2016 01: +0,4.872,24
Aug 10 2016 01: +0,4.605,19
Aug 11 2016 01: +0,4.783,37
Aug 12 2016 01: +0,4.799,37
Aug 13 2016 01: +0,4.7,37
Aug 14 2016 01: +0,5.025,26
Aug 15 2016 01: +0,4.91,21
Aug 16 2016 01: +0,4.863,23
Aug 17 2016 01: +0,5.196,32
Aug 18 2016 01: +0,4.48,25
Aug 19 2016 01: +0,4.543,30
Aug 20 2016 01: +0,4.65,38
Aug 21 2016 01: +0,5.21,31
Aug 22 2016 01: +0,5.414,31
Aug 23 2016 01: +0,4.783,28
Aug 24 2016 01: +0,4.866,30
Aug 25 2016 01: +0,5.748,20
Aug 26 2016 01: +0,5.532,27
Aug 27 2016 01: +0,5.719,29
Aug 28 2016 01: +0,5.793,29
Aug 29 2016 01: +0,5.897,27
Aug 30 2016 01: +0,5.486,16
Aug 31 2016 01: +0,5.513,30
Sep 01 2016 01: +0,5.409,23
Sep 02 2016 01: +0,5.353,22
Sep 03 2016 01: +0,4.947,24
Sep 04 2016 01: +0,5.202,35
Sep 05 2016 01: +0,5.438,32
Sep 06 2016 01: +0,5.099,24
Sep 07 2016 01: +0,5.263,26
Sep 08 2016 01: +0,4.775,24
Sep 09 2016 01: +0,4.686,19
Sep 10 2016 01: +0,4.771,34
Sep 11 2016 01: +0,4.504,26
Sep 12 2016 01: +0,4.664,22
Sep 13 2016 01: +0,4.914,32
Sep 14 2016 01: +0,5.396,21
Sep 15 2016 01: +0,5.427,28
Sep 16 2016 01: +0,5.296,25
Sep 17 2016 01: +0,5.226,51
Sep 18 2016 01: +0,5.461,37
Sep 19 2016 01: +0,5.986,24
Sep 20 2016 01: +0,6.645,28
Sep 21 2016 01: +0,6.173,18
Sep 22 2016 01: +0,5.739,26
Sep 23 2016 01: +0,5.894,26
Sep 24 2016 01: +0,6.438,27
Sep 25 2016 01: +0,5.993,19
Sep 26 2016 01: +0,5.497,25
Sep 27 2016 01: +0,6.566,19
Sep 28 2016 01: +0,6.071,20
Sep 29 2016 01: +0,5.982,20
Sep 30 2016 01: +0,5.755,26
Oct 01 2016 01: +0,5.452,34
Oct 02 2016 01: +0,5.584,27
Oct 03 2016 01: +0,5.828,28
Oct 04 2016 01: +0,5.769,18
Oct 05 2016 01: +0,5.402,23
Oct 06 2016 01: +0,5.745,24
Oct 07 2016 01: +0,5.759,26
Oct 08 2016 01: +0,5.446,24
Oct 09 2016 01: +0,5.66,24
Oct 10 2016 01: +0,5.026,21
Oct 11 2016 01: +0,5.197,25
Oct 12 2016 01: +0,5.609,27
Oct 13 2016 01: +0,5.713,22
Oct 14 2016 01: +0,5.32,29
Oct 15 2016 01: +0,5.252,31
Oct 16 2016 01: +0,5.392,26
Oct 17 2016 01: +0,5.185,25
Oct 18 2016 01: +0,5.349,22
Oct 19 2016 01: +0,5.678,19
Oct 20 2016 01: +0,5.597,22
Oct 21 2016 01: +0,5.387,25
Oct 22 2016 01: +0,5.544,25
Oct 23 2016 01: +0,5.434,20
Oct 24 2016 01: +0,5.706,28
Oct 25 2016 01: +0,5.961,23
Oct 26 2016 01: +0,5.791,29
Oct 27 2016 01: +0,6.075,20
Oct 28 2016 01: +0,5.29,22
Oct 29 2016 01: +0,5.538,23
Oct 30 2016 01: +0,4.896,23
Oct 31 2016 01: +0,4.976,31
Nov 01 2016 01: +0,4.702,23
Nov 02 2016 01: +0,5.154,21
Nov 03 2016 01: +0,5.273,26
Nov 04 2016 01: +0,5.722,20
Nov 05 2016 01: +0,6.232,22
Nov 06 2016 01: +0,5.86,25
Nov 07 2016 01: +0,6.031,26
Nov 08 2016 01: +0,6.615,15
Nov 09 2016 01: +0,6.311,18
Nov 10 2016 01: +0,6.33,16
Nov 11 2016 01: +0,6.557,11
Nov 12 2016 01: +0,6.003,21
Nov 13 2016 01: +0,6.34,24
Nov 14 2016 01: +0,6.725,13
Nov 15 2016 01: +0,6.298,19
Nov 16 2016 01: +0,6.226,14
Nov 17 2016 01: +0,5.866,16
Nov 18 2016 01: +0,5.469,18
Nov 19 2016 01: +0,5.304,22
Nov 20 2016 01: +0,5.777,27
Nov 21 2016 01: +0,5.567,22
Nov 22 2016 01: +0,6.095,22
Nov 23 2016 01: +0,5.655,24
Nov 24 2016 01: +0,5.315,25
Nov 25 2016 01: +0,4.879,24
Nov 26 2016 01: +0,4.729,25
Nov 27 2016 01: +0,4.647,22
Nov 28 2016 01: +0,5.104,19
Nov 29 2016 01: +0,5.203,33
Nov 30 2016 01: +0,5.639,29
Dec 01 2016 01: +0,5.859,20
Dec 02 2016 01: +0,5.996,22
Dec 03 2016 01: +0,5.649,25
Dec 04 2016 01: +0,5.532,26
Dec 05 2016 01: +0,5.343,27
Dec 06 2016 01: +0,5.659,19
Dec 07 2016 01: +0,5.892,18
Dec 08 2016 01: +0,6.071,23
Dec 09 2016 01: +0,6.003,31
Dec 10 2016 01: +0,6.192,33
Dec 11 2016 01: +0,5.531,20
Dec 12 2016 01: +0,5.287,20
Dec 13 2016 01: +0,5.274,17
Dec 14 2016 01: +0,5.329,22
Dec 15 2016 01: +0,5.244,22
Dec 16 2016 01: +0,5.558,26
Dec 17 2016 01: +0,4.95,26
Dec 18 2016 01: +0,5.418,31
Dec 19 2016 01: +0,5.24,22
Dec 20 2016 01: +0,5.55,25
Dec 21 2016 01: +0,5.391,17
Dec 22 2016 01: +0,5.583,26
Dec 23 2016 01: +0,5.433,31
Dec 24 2016 01: +0,5.294,31
Dec 25 2016 01: +0,5.688,46
Dec 26 2016 01: +0,6.508,33
Dec 27 2016 01: +0,6.384,32
Dec 28 2016 01: +0,6.153,35
Dec 29 2016 01: +0,5.864,31
Dec 30 2016 01: +0,5.319,32
Dec 31 2016 01: +0,5.703,30
Jan 01 2017 01: +0,5.938,27
Jan 02 2017 01: +0,5.589,34
Jan 03 2017 01: +0,6.107,34
Jan 04 2017 01: +0,6.631,26
Jan 05 2017 01: +0,6.756,32
Jan 06 2017 01: +0,6.367,20
Jan 07 2017 01: +0,6.277,31
Jan 08 2017 01: +0,6.491,32
Jan 09 2017 01: +0,6.841,26
Jan 10 2017 01: +0,6.734,16
Jan 11 2017 01: +0,5.689,25
Jan 12 2017 01: +0,5.969,29
Jan 13 2017 01: +0,5.971,28
Jan 14 2017 01: +0,6.646,31
Jan 15 2017 01: +0,6.504,28
Jan 16 2017 01: +0,6.762,33
Jan 17 2017 01: +0,6.181,27
Jan 18 2017 01: +0,6.314,20
Jan 19 2017 01: +0,6.362,25
Jan 20 2017 01: +0,6.417,22
Jan 21 2017 01: +0,6.184,30
Jan 22 2017 01: +0,6.371,25
Jan 23 2017 01: +0,6.509,22
Jan 24 2017 01: +0,7.128,16
Jan 25 2017 01: +0,6.651,27
Jan 26 2017 01: +0,7.698,27
Jan 27 2017 01: +0,7.184,12
Jan 28 2017 01: +0,7.157,27
Jan 29 2017 01: +0,7.193,18
Jan 30 2017 01: +0,7.782,23
Jan 31 2017 01: +0,7.634,17
Feb 01 2017 01: +0,7.465,20
Feb 02 2017 01: +0,7.433,20
Feb 03 2017 01: +0,7.654,18
Feb 04 2017 01: +0,7.649,23
Feb 05 2017 01: +0,7.068,35
Feb 06 2017 01: +0,6.252,35
Feb 07 2017 01: +0,7.069,30
Feb 08 2017 01: +0,6.883,30
Feb 09 2017 01: +0,7.165,24
Feb 10 2017 01: +0,6.802,28
Feb 11 2017 01: +0,7.635,25
Feb 12 2017 01: +0,7.274,32
Feb 13 2017 01: +0,7.321,28
Feb 14 2017 01: +0,7.077,22
Feb 15 2017 01: +0,7.287,25
Feb 16 2017 01: +0,6.937,22
Feb 17 2017 01: +0,7.198,24
Feb 18 2017 01: +0,6.751,24
Feb 19 2017 01: +0,6.318,24
Feb 20 2017 01: +0,6.227,27
Feb 21 2017 01: +0,6.743,20
Feb 22 2017 01: +0,6.186,22
Feb 23 2017 01: +0,6.259,23
Feb 24 2017 01: +0,7.389,23
Feb 25 2017 01: +0,7.925,23
Feb 26 2017 01: +0,7.186,20
Feb 27 2017 01: +0,7.315,26
Feb 28 2017 01: +0,7.255,22
Mar 01 2017 01: +0,6.99,25
Mar 02 2017 01: +0,6.854,23
Mar 03 2017 01: +0,6.205,23
Mar 04 2017 01: +0,7.045,30
Mar 05 2017 01: +0,7.395,23
Mar 06 2017 01: +0,7.612,15
Mar 07 2017 01: +0,7.307,13
Mar 08 2017 01: +0,7.566,23
Mar 09 2017 01: +0,7.249,18
Mar 10 2017 01: +0,7.315,19
Mar 11 2017 01: +0,7.257,15
Mar 12 2017 01: +0,7.632,28
Mar 13 2017 01: +0,7.293,8
Mar 14 2017 01: +0,7.257,16
Mar 15 2017 01: +0,7.034,16
Mar 16 2017 01: +0,6.764,28
Mar 17 2017 01: +0,6.929,25
Mar 18 2017 01: +0,6.697,30
Mar 19 2017 01: +0,6.669,25
Mar 20 2017 01: +0,6.536,20
Mar 21 2017 01: +0,6.949,20
Mar 22 2017 01: +0,7.107,17
Mar 23 2017 01: +0,6.775,24
Mar 24 2017 01: +0,6.32,18
Mar 25 2017 01: +0,5.787,33
Mar 26 2017 01: +0,6.019,33
Mar 27 2017 01: +0,6.21,26
Mar 28 2017 01: +0,5.927,12
Mar 29 2017 01: +0,5.985,20
Mar 30 2017 01: +0,6.455,25
Mar 31 2017 01: +0,6.576,22
Apr 01 2017 01: +0,6.481,26
Apr 02 2017 01: +0,6.739,28
Apr 03 2017 01: +0,6.691,19
Apr 04 2017 01: +0,6.342,19
Apr 05 2017 01: +0,6.373,22
Apr 06 2017 01: +0,6.174,23
Apr 07 2017 01: +0,6.387,19
Apr 08 2017 01: +0,6.357,28
Apr 09 2017 01: +0,6.468,24
Apr 10 2017 01: +0,6.293,29
Apr 11 2017 01: +0,6.519,22
Apr 12 2017 01: +0,6.065,19
Apr 13 2017 01: +0,6.59,24
Apr 14 2017 01: +0,6.613,29
Apr 15 2017 01: +0,6.99,19
Apr 16 2017 01: +0,6.591,21
Apr 17 2017 01: +0,6.718,27
Apr 18 2017 01: +0,7.076,17
Apr 19 2017 01: +0,7.111,27
Apr 20 2017 01: +0,6.657,24
Apr 21 2017 01: +0,6.588,15
Apr 22 2017 01: +0,6.864,27
Apr 23 2017 01: +0,6.944,22
Apr 24 2017 01: +0,7.117,23
Apr 25 2017 01: +0,6.975,14
Apr 26 2017 01: +0,7.204,19
Apr 27 2017 01: +0,7.134,16
Apr 28 2017 01: +0,7.239,20
Apr 29 2017 01: +0,7.127,27
Apr 30 2017 01: +0,7.018,24
May 01 2017 01: +0,7.093,16
May 02 2017 01: +0,7.208,10
May 03 2017 01: +0,7.29,12
May 04 2017 01: +0,7.162,13
May 05 2017 01: +0,7.149,19
May 06 2017 01: +0,6.861,25
May 07 2017 01: +0,6.644,21
May 08 2017 01: +0,6.794,17
May 09 2017 01: +0,6.486,16
May 10 2017 01: +0,6.208,15
May 11 2017 01: +0,6.178,19
May 12 2017 01: +0,6.681,24
May 13 2017 01: +0,6.868,26
May 14 2017 01: +0,6.964,20
May 15 2017 01: +0,7.669,16
May 16 2017 01: +0,6.788,19
May 17 2017 01: +0,6.841,27
May 18 2017 01: +0,7.107,14
May 19 2017 01: +0,7.06,17
May 20 2017 01: +0,7.35,22
May 21 2017 01: +0,6.776,15
May 22 2017 01: +0,7.253,15
May 23 2017 01: +0,6.362,11
May 24 2017 01: +0,6.27,47
May 25 2017 01: +0,6.31,34
May 26 2017 01: +0,6.578,24
May 27 2017 01: +0,6.927,32
May 28 2017 01: +0,7.505,27
May 29 2017 01: +0,7.357,20
May 30 2017 01: +0,7.374,16
May 31 2017 01: +0,7.833,15
Jun 01 2017 01: +0,7.572,19
Jun 02 2017 01: +0,6.929,20
Jun 03 2017 01: +0,7.453,28
Jun 04 2017 01: +0,7.634,11
Jun 05 2017 01: +0,7.415,19
Jun 06 2017 01: +0,7.371,23
Jun 07 2017 01: +0,7.094,19
Jun 08 2017 01: +0,7.651,24
Jun 09 2017 01: +0,6.871,20
Jun 10 2017 01: +0,6.884,20
Jun 11 2017 01: +0,6.299,23
Jun 12 2017 01: +0,6.38,19
Jun 13 2017 01: +0,7.177,19
Jun 14 2017 01: +0,6.867,23
Jun 15 2017 01: +0,7.178,15
Jun 16 2017 01: +0,7.264,13
Jun 17 2017 01: +0,7.156,18
Jun 18 2017 01: +0,7.075,17
Jun 19 2017 01: +0,7.298,18
Jun 20 2017 01: +0,7.045,14
Jun 21 2017 01: +0,7.284,14
Jun 22 2017 01: +0,6.515,17
Jun 23 2017 01: +0,6.134,17
Jun 24 2017 01: +0,6.04,24
Jun 25 2017 01: +0,6.077,8
Jun 26 2017 01: +0,5.725,15
Jun 27 2017 01: +0,5.873,20
Jun 28 2017 01: +0,6.019,15
Jun 29 2017 01: +0,5.801,17
Jun 30 2017 01: +0,5.612,30
Jul 01 2017 01: +0,5.428,17
Jul 02 2017 01: +0,5.841,24
Jul 03 2017 01: +0,6.16,21
Jul 04 2017 01: +0,6.045,14
Jul 05 2017 01: +0,6.275,16
Jul 06 2017 01: +0,6.292,12
Jul 07 2017 01: +0,6.368,24
Jul 08 2017 01: +0,6.83,18
Jul 09 2017 01: +0,7.19,21
Jul 10 2017 01: +0,7.287,15
Jul 11 2017 01: +0,7.409,16
Jul 12 2017 01: +0,6.518,11
Jul 13 2017 01: +0,7.403,13
Jul 14 2017 01: +0,7.504,10
Jul 15 2017 01: +0,6.735,18
Jul 16 2017 01: +0,6.4,18
Jul 17 2017 01: +0,7.084,18
Jul 18 2017 01: +0,7.176,15
Jul 19 2017 01: +0,7.129,24
Jul 20 2017 01: +0,7.326,24
Jul 21 2017 01: +0,7.798,13
Jul 22 2017 01: +0,7.841,13
Jul 23 2017 01: +0,7.712,18
Jul 24 2017 01: +0,7.849,14
Jul 25 2017 01: +0,7.532,12
Jul 26 2017 01: +0,7.72,12
Jul 27 2017 01: +0,7.938,17
Jul 28 2017 01: +0,8.486,15
Jul 29 2017 01: +0,7.563,15
Jul 30 2017 01: +0,7.901,16
Jul 31 2017 01: +0,7.67,20
Aug 01 2017 01: +0,10.181,17
Aug 02 2017 01: +0,8.468,19
Aug 03 2017 01: +0,8.568,19
Aug 04 2017 01: +0,7.904,16
Aug 05 2017 01: +0,7.574,16
Aug 06 2017 01: +0,7.105,18
Aug 07 2017 01: +0,7.305,24
Aug 08 2017 01: +0,6.97,10
Aug 09 2017 01: +0,6.856,16
Aug 10 2017 01: +0,6.811,19
Aug 11 2017 01: +0,7.03,16
Aug 12 2017 01: +0,7.587,21
Aug 13 2017 01: +0,7.548,14
Aug 14 2017 01: +0,7.361,20
Aug 15 2017 01: +0,7.144,12
Aug 16 2017 01: +0,7.556,18
Aug 17 2017 01: +0,7.68,19
Aug 18 2017 01: +0,7.199,21
Aug 19 2017 01: +0,7.582,16
Aug 20 2017 01: +0,7.291,18
Aug 21 2017 01: +0,6.94,13
Aug 22 2017 01: +0,7.143,20
Aug 23 2017 01: +0,7.207,20
Aug 24 2017 01: +0,6.837,13
Aug 25 2017 01: +0,6.766,20
Aug 26 2017 01: +0,6.762,21
Aug 27 2017 01: +0,6.715,13
Aug 28 2017 01: +0,6.958,20
Aug 29 2017 01: +0,7.068,19
Aug 30 2017 01: +0,6.82,29
Aug 31 2017 01: +0,6.797,15
Sep 01 2017 01: +0,6.808,20
Sep 02 2017 01: +0,6.605,22
Sep 03 2017 01: +0,6.609,20
Sep 04 2017 01: +0,6.647,17
Sep 05 2017 01: +0,6.339,11
Sep 06 2017 01: +0,6.11,14
Sep 07 2017 01: +0,6.025,10
Sep 08 2017 01: +0,6.512,27
Sep 09 2017 01: +0,6.566,25
Sep 10 2017 01: +0,6.318,17
Sep 11 2017 01: +0,6.119,23
Sep 12 2017 01: +0,5.923,20
Sep 13 2017 01: +0,5.83,21
Sep 14 2017 01: +0,6.181,22
Sep 15 2017 01: +0,6.262,23
Sep 16 2017 01: +0,6.382,15
Sep 17 2017 01: +0,6.101,19
Sep 18 2017 01: +0,6.182,15
Sep 19 2017 01: +0,6.372,13
Sep 20 2017 01: +0,6.632,14
Sep 21 2017 01: +0,6.659,15
Sep 22 2017 01: +0,6.28,14
Sep 23 2017 01: +0,6.356,13
Sep 24 2017 01: +0,6.32,14
Sep 25 2017 01: +0,6.211,12
Sep 26 2017 01: +0,6.504,12
Sep 27 2017 01: +0,6.327,15
Sep 28 2017 01: +0,6.842,13
Sep 29 2017 01: +0,7.018,13
Sep 30 2017 01: +0,7.29,19
Oct 01 2017 01: +0,6.804,27
Oct 02 2017 01: +0,6.905,12
Oct 03 2017 01: +0,6.546,16
Oct 04 2017 01: +0,6.555,12
Oct 05 2017 01: +0,6.452,11
Oct 06 2017 01: +0,7.133,19
Oct 07 2017 01: +0,6.598,16
Oct 08 2017 01: +0,7.093,15
Oct 09 2017 01: +0,7.138,14
Oct 10 2017 01: +0,6.33,10
Oct 11 2017 01: +0,6.787,9
Oct 12 2017 01: +0,6.957,12
Oct 13 2017 01: +0,7.158,12
Oct 14 2017 01: +0,7.249,21
Oct 15 2017 01: +0,7.639,9
Oct 16 2017 01: +0,7.208,14
Oct 17 2017 01: +0,7.667,11
Oct 18 2017 01: +0,7.047,14
Oct 19 2017 01: +0,7.611,14
Oct 20 2017 01: +0,7.829,13
Oct 21 2017 01: +0,7.24,16
Oct 22 2017 01: +0,6.842,12
Oct 23 2017 01: +0,7.379,11
Oct 24 2017 01: +0,7.576,11
Oct 25 2017 01: +0,6.728,9
Oct 26 2017 01: +0,6.64,14
Oct 27 2017 01: +0,6.633,12
Oct 28 2017 01: +0,6.969,22
Oct 29 2017 01: +0,7.086,9
Oct 30 2017 01: +0,6.897,13
Oct 31 2017 01: +0,6.64,12
Nov 01 2017 01: +0,6.591,13
Nov 02 2017 01: +0,6.295,8
Nov 03 2017 01: +0,6.467,13
Nov 04 2017 01: +0,6.638,19
Nov 05 2017 01: +0,6.244,17
Nov 06 2017 01: +0,6.14,11
Nov 07 2017 01: +0,6.492,10
Nov 08 2017 01: +0,6.704,15
Nov 09 2017 01: +0,6.445,14
Nov 10 2017 01: +0,6.781,11
Nov 11 2017 01: +0,6.509,16
Nov 12 2017 01: +0,6.588,15
Nov 13 2017 01: +0,6.713,9
Nov 14 2017 01: +0,6.512,10
Nov 15 2017 01: +0,6.93,13
Nov 16 2017 01: +0,6.873,11
Nov 17 2017 01: +0,6.671,12
Nov 18 2017 01: +0,6.971,15
Nov 19 2017 01: +0,6.474,15
Nov 20 2017 01: +0,6.579,17
Nov 21 2017 01: +0,7.488,17
Nov 22 2017 01: +0,6.421,9
Nov 23 2017 01: +0,6.671,19
Nov 24 2017 01: +0,6.012,15
Nov 25 2017 01: +0,5.825,25
Nov 26 2017 01: +0,5.941,14
Nov 27 2017 01: +0,5.343,17
Nov 28 2017 01: +0,5.867,13
Nov 29 2017 01: +0,6.324,14
Nov 30 2017 01: +0,6.723,13
Dec 01 2017 01: +0,6.762,14
Dec 02 2017 01: +0,6.634,11
Dec 03 2017 01: +0,6.864,20
Dec 04 2017 01: +0,7.293,16
Dec 05 2017 01: +0,6.861,14
Dec 06 2017 01: +0,7.946,9
Dec 07 2017 01: +0,8.314,14
Dec 08 2017 01: +0,7.928,13
Dec 09 2017 01: +0,7.717,15
Dec 10 2017 01: +0,7.659,15
Dec 11 2017 01: +0,7.363,20
Dec 12 2017 01: +0,7.878,14
Dec 13 2017 01: +0,7.938,7
Dec 14 2017 01: +0,7.361,13
Dec 15 2017 01: +0,7.135,11
Dec 16 2017 01: +0,7.572,13
Dec 17 2017 01: +0,7.324,13
Dec 18 2017 01: +0,7.612,13
Dec 19 2017 01: +0,7.261,17
Dec 20 2017 01: +0,7.482,16
Dec 21 2017 01: +0,6.903,14
Dec 22 2017 01: +0,7.532,17
Dec 23 2017 01: +0,7.855,15
Dec 24 2017 01: +0,7.982,15
Dec 25 2017 01: +0,8.068,15
Dec 26 2017 01: +0,7.129,16
Dec 27 2017 01: +0,7.327,23
Dec 28 2017 01: +0,7.331,13
Dec 29 2017 01: +0,7.587,18
Dec 30 2017 01: +0,8.126,14
Dec 31 2017 01: +0,7.688,19
Jan 01 2018 01: +0,8.136,17
Jan 02 2018 01: +0,8.305,14
Jan 03 2018 01: +0,8.764,25
Jan 04 2018 01: +0,9.371,15
Jan 05 2018 01: +0,8.966,15
Jan 06 2018 01: +0,8.612,11
Jan 07 2018 01: +0,8.49,24
Jan 08 2018 01: +0,8.811,21
Jan 09 2018 01: +0,10.075,11
Jan 10 2018 01: +0,8.841,10
Jan 11 2018 01: +0,9.476,12
Jan 12 2018 01: +0,8.676,18
Jan 13 2018 01: +0,9.055,23
Jan 14 2018 01: +0,9.024,17
Jan 15 2018 01: +0,8.154,16
Jan 16 2018 01: +0,7.971,13
Jan 17 2018 01: +0,8.853,13
Jan 18 2018 01: +0,8.911,14
Jan 19 2018 01: +0,8.964,11
Jan 20 2018 01: +0,8.627,13
Jan 21 2018 01: +0,8.37,14
Jan 22 2018 01: +0,8.464,11
Jan 23 2018 01: +0,8.762,13
Jan 24 2018 01: +0,8.799,13
Jan 25 2018 01: +0,8.502,19
Jan 26 2018 01: +0,8.739,16
Jan 27 2018 01: +0,9.123,27
Jan 28 2018 01: +0,10.032,18
Jan 29 2018 01: +0,8.614,11
Jan 30 2018 01: +0,8.437,18
Jan 31 2018 01: +0,8.726,17
Feb 01 2018 01: +0,8.526,23
Feb 02 2018 01: +0,9.005,14
Feb 03 2018 01: +0,9.183,26
Feb 04 2018 01: +0,9.554,15
Feb 05 2018 01: +0,9.248,10
Feb 06 2018 01: +0,9.833,8
Feb 07 2018 01: +0,9.5,10
Feb 08 2018 01: +0,8.546,18
Feb 09 2018 01: +0,8.362,14
Feb 10 2018 01: +0,8.952,10
Feb 11 2018 01: +0,8.798,12
Feb 12 2018 01: +0,7.854,14
Feb 13 2018 01: +0,7.826,23
Feb 14 2018 01: +0,7.564,16
Feb 15 2018 01: +0,7.647,12
Feb 16 2018 01: +0,7.789,21
Feb 17 2018 01: +0,8.023,11
Feb 18 2018 01: +0,7.822,17
Feb 19 2018 01: +0,8.312,11
Feb 20 2018 01: +0,8.329,11
Feb 21 2018 01: +0,8.222,13
Feb 22 2018 01: +0,8.318,11
Feb 23 2018 01: +0,7.701,14
Feb 24 2018 01: +0,7.942,14
Feb 25 2018 01: +0,8.244,14
Feb 26 2018 01: +0,8.46,10
Feb 27 2018 01: +0,8.543,11
Feb 28 2018 01: +0,8.178,11
Feb 28 2018 22: +0,7.972,2
Feb 28 2018 23: +0,8.062,1
Mar 01 2018 02: +0,7.82,1
Mar 01 2018 06: +0,7.33,1
Mar 01 2018 16: +0,8.044,1
Mar 01 2018 20: +0,8.05,1
Mar 01 2018 21: +0,8.074,1
Mar 01 2018 22: +0,8.08,1
Mar 02 2018 01: +0,8.043,3
Mar 02 2018 02: +0,8.265,2
Mar 02 2018 14: +0,8.256,2
Mar 02 2018 15: +0,8.043,1
Mar 02 2018 17: +0,7.982,1
Mar 02 2018 18: +0,6.901,1
Mar 02 2018 20: +0,7.897,1
Mar 02 2018 23: +0,7.215,2
Mar 03 2018 00: +0,7.997,1
Mar 03 2018 02: +0,8.036,2
Mar 03 2018 05: +0,8.25,1
Mar 03 2018 09: +0,8.51,1
Mar 03 2018 13: +0,8.428,1
Mar 03 2018 15: +0,8.49,1
Mar 03 2018 16: +0,8.514,1
Mar 03 2018 18: +0,8.499,2
Mar 03 2018 19: +0,8.602,1
Mar 03 2018 21: +0,8.344,2
Mar 03 2018 23: +0,8.28,1
Mar 04 2018 02: +0,7.76,1
Mar 04 2018 03: +0,7.24,1
Mar 04 2018 06: +0,8.808,1
Mar 04 2018 07: +0,8.7,1
Mar 04 2018 10: +0,8.706,3
Mar 04 2018 13: +0,7.03,1
Mar 04 2018 14: +0,8.714,1
Mar 04 2018 15: +0,7.07,1
Mar 04 2018 16: +0,7.33,1
Mar 04 2018 20: +0,7.984,1
Mar 04 2018 21: +0,7.787,2
Mar 05 2018 01: +0,6.74,1
Mar 05 2018 02: +0,7.69,2
Mar 05 2018 03: +0,8,1
Mar 05 2018 04: +0,8.4,1
Mar 05 2018 09: +0,7.295,2
Mar 05 2018 11: +0,7.776,1
Mar 05 2018 12: +0,8.424,1
Mar 05 2018 15: +0,8.11,2
Mar 05 2018 16: +0,8.464,1
Mar 05 2018 17: +0,8.49,1
Mar 05 2018 18: +0,8.446,1
Mar 05 2018 20: +0,8.766,2
Mar 05 2018 21: +0,8.453,1
Mar 05 2018 22: +0,8.492,2
Mar 06 2018 02: +0,8.12,1
Mar 06 2018 04: +0,8.138,1
Mar 06 2018 06: +0,8.795,1
Mar 06 2018 10: +0,8.602,1
Mar 06 2018 11: +0,8.751,1
Mar 06 2018 15: +0,8.91,1
Mar 06 2018 20: +0,8.492,1
Mar 06 2018 23: +0,8.961,2
Mar 07 2018 03: +0,8,1
Mar 07 2018 04: +0,6.99,1
Mar 07 2018 07: +0,8,1
Mar 07 2018 09: +0,8.64,1
Mar 07 2018 10: +0,7.502,1
Mar 07 2018 13: +0,7.54,1
Mar 07 2018 14: +0,6.96,1
Mar 07 2018 16: +0,8.653,1
Mar 07 2018 17: +0,7.822,2
Mar 07 2018 18: +0,8.678,1
Mar 07 2018 20: +0,8.65,1
Mar 07 2018 21: +0,8.659,1
Mar 07 2018 22: +0,8.166,2
Mar 07 2018 23: +0,8.545,3
Mar 08 2018 01: +0,5.75,1
Mar 08 2018 05: +0,8.868,1
Mar 08 2018 10: +0,8.557,1
Mar 08 2018 11: +0,8.957,3
Mar 08 2018 14: +0,8.962,1
Mar 08 2018 15: +0,8.207,2
Mar 08 2018 18: +0,8.955,2
Mar 08 2018 19: +0,8.935,1
Mar 08 2018 21: +0,8.917,1
Mar 08 2018 22: +0,8.891,1
Mar 09 2018 02: +0,8.143,2
Mar 09 2018 03: +0,7.18,1
Mar 09 2018 13: +0,8.379,1
Mar 09 2018 14: +0,8.01,1
Mar 09 2018 17: +0,7.424,1
Mar 09 2018 20: +0,8.473,1
Mar 09 2018 22: +0,8.418,1
Mar 10 2018 01: +0,8.48,1
Mar 10 2018 04: +0,8.48,1
Mar 10 2018 09: +0,7.816,1
Mar 10 2018 11: +0,7.819,1
Mar 10 2018 15: +0,7.377,1
Mar 10 2018 17: +0,7.378,1
Mar 10 2018 19: +0,7.22,2
Mar 10 2018 21: +0,7.816,1
Mar 10 2018 22: +0,6.99,1
Mar 11 2018 00: +0,7.808,2
Mar 11 2018 02: +0,7.816,1
Mar 11 2018 03: +0,4.6,1
Mar 11 2018 04: +0,7.819,1
Mar 11 2018 08: +0,7.82,1
Mar 11 2018 13: +0,8.934,1
Mar 11 2018 14: +0,7.766,2
Mar 11 2018 15: +0,7.816,1
Mar 11 2018 16: +0,7.82,1
Mar 11 2018 17: +0,6.95,1
Mar 11 2018 18: +0,7.83,1
Mar 12 2018 00: +0,7.821,1
Mar 12 2018 04: +0,7.82,1
Mar 12 2018 16: +0,7.818,2
Mar 12 2018 18: +0,7.823,2
Mar 12 2018 19: +0,7.82,1
Mar 12 2018 20: +0,6.957,1
Mar 12 2018 23: +0,6.8,1
Mar 13 2018 00: +0,7.826,1
Mar 13 2018 01: +0,7.79,1
Mar 13 2018 03: +0,7.82,1
Mar 13 2018 12: +0,6.95,1
Mar 13 2018 14: +0,7.827,1
Mar 13 2018 15: +0,8.023,1
Mar 13 2018 16: +0,8.072,1
Mar 13 2018 17: +0,7.372,1
Mar 13 2018 18: +0,8.093,1
Mar 13 2018 23: +0,6.4,1
Mar 14 2018 00: +0,8.29,1
Mar 14 2018 03: +0,8.305,2
Mar 14 2018 07: +0,8.617,1
Mar 14 2018 11: +0,8.392,1
Mar 14 2018 15: +0,8.608,1
Mar 14 2018 16: +0,8.717,1
Mar 14 2018 19: +0,7.842,2
Mar 14 2018 21: +0,8.605,1
Mar 14 2018 23: +0,8.618,2
Mar 15 2018 03: +0,8.3,1
Mar 15 2018 12: +0,6.9,1
Mar 15 2018 13: +0,8,1
Mar 15 2018 19: +0,6.99,1
Mar 16 2018 01: +0,7.62,1
Mar 16 2018 09: +0,7.844,2
Mar 16 2018 12: +0,7.907,1
Mar 16 2018 13: +0,7.801,1
Mar 16 2018 15: +0,8.692,1
Mar 16 2018 19: +0,7.903,1
Mar 17 2018 00: +0,8.276,2
Mar 17 2018 05: +0,9.98,1
Mar 17 2018 10: +0,7.4,1
Mar 17 2018 11: +0,7.863,1
Mar 17 2018 15: +0,7.98,1
Mar 17 2018 16: +0,6.96,1
Mar 17 2018 17: +0,7.833,2
Mar 17 2018 18: +0,7.985,1
Mar 17 2018 19: +0,8.495,2
Mar 17 2018 20: +0,8.612,1
Mar 18 2018 02: +0,8.47,1
Mar 18 2018 05: +0,8.63,1
Mar 18 2018 06: +0,7.86,2
Mar 18 2018 10: +0,7.862,1
Mar 18 2018 11: +0,8.329,1
Mar 18 2018 13: +0,7.996,1
Mar 18 2018 14: +0,8.231,1
Mar 18 2018 16: +0,8.612,3
Mar 18 2018 17: +0,8.673,1
Mar 18 2018 18: +0,8.636,1
Mar 18 2018 20: +0,8.48,1
Mar 19 2018 01: +0,8.603,1
Mar 19 2018 03: +0,8.62,1
Mar 19 2018 11: +0,10.495,1
Mar 19 2018 14: +0,8.377,1
Mar 19 2018 15: +0,7.06,1
Mar 19 2018 18: +0,7.248,3
Mar 19 2018 22: +0,8.168,2
Mar 20 2018 04: +0,8.221,2
Mar 20 2018 09: +0,8.11,1
Mar 20 2018 11: +0,7.14,1
Mar 20 2018 14: +0,8.144,1
Mar 20 2018 15: +0,8.36,1
Mar 20 2018 16: +0,8.384,1
Mar 20 2018 18: +0,8.58,1
Mar 20 2018 21: +0,8.574,3
Mar 21 2018 01: +0,9.04,1
Mar 21 2018 03: +0,7.27,1
Mar 21 2018 13: +0,8.734,2
Mar 21 2018 18: +0,7.855,2
Mar 21 2018 20: +0,7.25,1
Mar 21 2018 21: +0,7.27,1
Mar 22 2018 02: +0,7.67,2
Mar 22 2018 03: +0,8,1
Mar 22 2018 05: +0,8.05,1
Mar 22 2018 10: +0,8.305,2
Mar 22 2018 14: +0,8.325,2
Mar 22 2018 15: +0,7.856,2
Mar 22 2018 18: +0,8.044,1
Mar 23 2018 00: +0,7.915,2
Mar 23 2018 02: +0,8.242,2
Mar 23 2018 03: +0,6.509,1
Mar 23 2018 06: +0,8.013,1
Mar 23 2018 07: +0,7.71,2
Mar 23 2018 14: +0,7.85,1
Mar 23 2018 15: +0,7.871,1
Mar 23 2018 19: +0,7.765,1
Mar 23 2018 21: +0,7.872,2
Mar 23 2018 22: +0,7.781,1
Mar 23 2018 23: +0,7.862,2
Mar 24 2018 00: +0,7.851,1
Mar 24 2018 09: +0,7.89,1
Mar 24 2018 10: +0,7.269,1
Mar 24 2018 14: +0,6.92,1
Mar 24 2018 23: +0,7.863,1
Mar 25 2018 00: +0,6.83,1
Mar 25 2018 02: +0,7.888,1
Mar 25 2018 14: +0,6.179,1
Mar 25 2018 15: +0,7.866,1
Mar 25 2018 19: +0,7.285,2
Mar 26 2018 00: +0,7.86,1
Mar 26 2018 06: +0,7.29,1
Mar 26 2018 07: +0,8.135,2
Mar 26 2018 14: +0,7.294,1
Mar 26 2018 18: +0,7.314,3
Mar 26 2018 21: +0,7.39,1
Mar 26 2018 22: +0,7.156,2
Mar 27 2018 00: +0,6.487,2
Mar 27 2018 07: +0,7.884,2
Mar 27 2018 09: +0,7.79,1
Mar 27 2018 12: +0,7.866,1
Mar 27 2018 13: +0,7.868,1
Mar 27 2018 16: +0,7.781,1
Mar 27 2018 20: +0,7.794,1
Mar 27 2018 21: +0,6.73,1
Mar 27 2018 23: +0,7.769,1
Mar 28 2018 02: +0,7.77,1
Mar 28 2018 03: +0,7.82,1
Mar 28 2018 09: +0,7.747,1
Mar 28 2018 10: +0,7.852,1
Mar 28 2018 12: +0,6.791,1
Mar 28 2018 13: +0,7.682,1
Mar 28 2018 14: +0,7.776,1
Mar 28 2018 17: +0,7.769,2
Mar 28 2018 21: +0,7.215,2
Mar 28 2018 23: +0,7.739,1
Mar 29 2018 00: +0,7.783,1
Mar 29 2018 01: +0,7.76,1
Mar 29 2018 12: +0,7.406,1
Mar 29 2018 14: +0,6.72,1
Mar 29 2018 15: +0,7.406,1
Mar 29 2018 20: +0,7.77,1
Mar 29 2018 23: +0,7.821,1
Mar 30 2018 00: +0,7.31,1
Mar 30 2018 01: +0,6.789,1
Mar 30 2018 02: +0,7.24,1
Mar 30 2018 06: +0,7.243,1
Mar 30 2018 09: +0,7.123,1
Mar 30 2018 10: +0,7.13,1
