Sep 21 2013 01: +0,8.698,5
Sep 22 2013 01: +0,2.357,32
Sep 23 2013 01: +0,1.566,36
Sep 24 2013 01: +0,1.496,37
Sep 25 2013 01: +0,1.227,48
Sep 26 2013 01: +0,1.054,48
Sep 27 2013 01: +0,1.152,42
Sep 28 2013 01: +0,1.15,40
Sep 29 2013 01: +0,0.954,64
Sep 30 2013 01: +0,0.988,57
Oct 01 2013 01: +0,0.686,60
Oct 02 2013 01: +0,0.762,57
Oct 03 2013 01: +0,0.669,57
Oct 04 2013 01: +0,0.774,49
Oct 05 2013 01: +0,0.735,58
Oct 06 2013 01: +0,0.709,77
Oct 07 2013 01: +0,0.573,75
Oct 08 2013 01: +0,0.551,61
Oct 09 2013 01: +0,0.559,59
Oct 10 2013 01: +0,0.486,66
Oct 11 2013 01: +0,0.473,79
Oct 12 2013 01: +0,0.49,83
Oct 13 2013 01: +0,0.456,95
Oct 14 2013 01: +0,0.423,106
Oct 15 2013 01: +0,0.421,91
Oct 16 2013 01: +0,0.405,77
Oct 17 2013 01: +0,0.374,79
Oct 18 2013 01: +0,0.35,95
Oct 19 2013 01: +0,0.385,150
Oct 20 2013 01: +0,0.34,119
Oct 21 2013 01: +0,0.333,111
Oct 22 2013 01: +0,0.313,150
Oct 23 2013 01: +0,0.297,123
Oct 24 2013 01: +0,0.309,117
Oct 25 2013 01: +0,0.304,212
Oct 26 2013 01: +0,0.302,131
Oct 27 2013 01: +0,0.273,142
Oct 28 2013 01: +0,0.291,93
Oct 29 2013 01: +0,0.288,93
Oct 30 2013 01: +0,0.25,117
Oct 31 2013 01: +0,0.266,139
Nov 01 2013 01: +0,0.263,108
Nov 02 2013 01: +0,0.253,96
Nov 03 2013 01: +0,0.241,120
Nov 04 2013 01: +0,0.243,131
Nov 05 2013 01: +0,0.246,92
Nov 06 2013 01: +0,0.22,107
Nov 07 2013 01: +0,0.243,78
Nov 08 2013 01: +0,0.226,113
Nov 09 2013 01: +0,0.198,140
Nov 10 2013 01: +0,0.171,174
Nov 11 2013 01: +0,0.199,129
Nov 12 2013 01: +0,0.183,128
Nov 13 2013 01: +0,0.203,110
Nov 14 2013 01: +0,0.18,90
Nov 15 2013 01: +0,0.166,144
Nov 16 2013 01: +0,0.187,131
Nov 17 2013 01: +0,0.167,133
Nov 18 2013 01: +0,0.157,95
Nov 19 2013 01: +0,0.168,104
Nov 20 2013 01: +0,0.179,101
Nov 21 2013 01: +0,0.158,83
Nov 22 2013 01: +0,0.177,110
Nov 23 2013 01: +0,0.203,110
Nov 24 2013 01: +0,0.177,117
Nov 25 2013 01: +0,0.142,100
Nov 26 2013 01: +0,0.138,120
Nov 27 2013 01: +0,0.129,132
Nov 28 2013 01: +0,0.119,92
Nov 29 2013 01: +0,0.118,141
Nov 30 2013 01: +0,0.127,168
Dec 01 2013 01: +0,0.157,210
Dec 02 2013 01: +0,0.139,155
Dec 03 2013 01: +0,0.145,165
Dec 04 2013 01: +0,0.159,155
Dec 05 2013 01: +0,0.145,164
Dec 06 2013 01: +0,0.143,152
Dec 07 2013 01: +0,0.142,180
Dec 08 2013 01: +0,0.142,163
Dec 09 2013 01: +0,0.136,140
Dec 10 2013 01: +0,0.121,126
Dec 11 2013 01: +0,0.141,129
Dec 12 2013 01: +0,0.119,119
Dec 13 2013 01: +0,0.115,140
Dec 14 2013 01: +0,0.121,162
Dec 15 2013 01: +0,0.111,164
Dec 16 2013 01: +0,0.119,143
Dec 17 2013 01: +0,0.12,143
Dec 18 2013 01: +0,0.097,140
Dec 19 2013 01: +0,0.086,133
Dec 20 2013 01: +0,0.078,189
Dec 21 2013 01: +0,0.08,215
Dec 22 2013 01: +0,0.083,209
Dec 23 2013 01: +0,0.093,249
Dec 24 2013 01: +0,0.099,187
Dec 25 2013 01: +0,0.089,129
Dec 26 2013 01: +0,0.092,225
Dec 27 2013 01: +0,0.086,201
Dec 28 2013 01: +0,0.085,219
Dec 29 2013 01: +0,0.086,212
Dec 30 2013 01: +0,0.091,229
Dec 31 2013 01: +0,0.099,172
Jan 01 2014 01: +0,0.093,192
Jan 02 2014 01: +0,0.095,208
Jan 03 2014 01: +0,0.082,152
Jan 04 2014 01: +0,0.086,277
Jan 05 2014 01: +0,0.099,279
Jan 06 2014 01: +0,0.086,242
Jan 07 2014 01: +0,0.076,202
Jan 08 2014 01: +0,0.074,215
Jan 09 2014 01: +0,0.081,218
Jan 10 2014 01: +0,0.086,252
Jan 11 2014 01: +0,0.097,222
Jan 12 2014 01: +0,0.089,236
Jan 13 2014 01: +0,0.082,251
Jan 14 2014 01: +0,0.077,230
Jan 15 2014 01: +0,0.081,248
Jan 16 2014 01: +0,0.081,212
Jan 17 2014 01: +0,0.081,220
Jan 18 2014 01: +0,0.084,289
Jan 19 2014 01: +0,0.076,342
Jan 20 2014 01: +0,0.084,214
Jan 21 2014 01: +0,0.079,235
Jan 22 2014 01: +0,0.088,233
Jan 23 2014 01: +0,0.083,207
Jan 24 2014 01: +0,0.077,226
Jan 25 2014 01: +0,0.085,259
Jan 26 2014 01: +0,0.084,327
Jan 27 2014 01: +0,0.066,309
Jan 28 2014 01: +0,0.063,285
Jan 29 2014 01: +0,0.062,339
Jan 30 2014 01: +0,0.071,275
Jan 31 2014 01: +0,0.064,353
Feb 01 2014 01: +0,0.069,335
Feb 02 2014 01: +0,0.069,294
Feb 03 2014 01: +0,0.065,292
Feb 04 2014 01: +0,0.057,281
Feb 05 2014 01: +0,0.063,300
Feb 06 2014 01: +0,0.056,238
Feb 07 2014 01: +0,0.06,269
Feb 08 2014 01: +0,0.073,315
Feb 09 2014 01: +0,0.075,305
Feb 10 2014 01: +0,0.062,198
Feb 11 2014 01: +0,0.062,245
Feb 12 2014 01: +0,0.071,216
Feb 13 2014 01: +0,0.055,193
Feb 14 2014 01: +0,0.059,260
Feb 15 2014 01: +0,0.052,268
Feb 16 2014 01: +0,0.055,272
Feb 17 2014 01: +0,0.054,229
Feb 18 2014 01: +0,0.059,238
Feb 19 2014 01: +0,0.056,207
Feb 20 2014 01: +0,0.052,194
Feb 21 2014 01: +0,0.05,222
Feb 22 2014 01: +0,0.048,264
Feb 23 2014 01: +0,0.053,248
Feb 24 2014 01: +0,0.069,240
Feb 25 2014 01: +0,0.061,138
Feb 26 2014 01: +0,0.061,186
Feb 27 2014 01: +0,0.063,200
Feb 28 2014 01: +0,0.065,199
Mar 01 2014 01: +0,0.07,267
Mar 02 2014 01: +0,0.073,251
Mar 03 2014 01: +0,0.075,160
Mar 04 2014 01: +0,0.064,155
Mar 05 2014 01: +0,0.063,166
Mar 06 2014 01: +0,0.085,156
Mar 07 2014 01: +0,0.07,199
Mar 08 2014 01: +0,0.071,228
Mar 09 2014 01: +0,0.072,213
Mar 10 2014 01: +0,0.073,165
Mar 11 2014 01: +0,0.069,188
Mar 12 2014 01: +0,0.077,153
Mar 13 2014 01: +0,0.084,114
Mar 14 2014 01: +0,0.087,123
Mar 15 2014 01: +0,0.07,294
Mar 16 2014 01: +0,0.077,278
Mar 17 2014 01: +0,0.081,189
Mar 18 2014 01: +0,0.091,204
Mar 19 2014 01: +0,0.091,181
Mar 20 2014 01: +0,0.09,156
Mar 21 2014 01: +0,0.086,182
Mar 22 2014 01: +0,0.082,201
Mar 23 2014 01: +0,0.081,224
Mar 24 2014 01: +0,0.09,202
Mar 25 2014 01: +0,0.092,154
Mar 26 2014 01: +0,0.096,188
Mar 27 2014 01: +0,0.097,130
Mar 28 2014 01: +0,0.107,153
Mar 29 2014 01: +0,0.102,190
Mar 30 2014 01: +0,0.097,195
Mar 31 2014 01: +0,0.097,130
Apr 01 2014 01: +0,0.116,102
Apr 02 2014 01: +0,0.096,112
Apr 03 2014 01: +0,0.1,139
Apr 04 2014 01: +0,0.098,139
Apr 05 2014 01: +0,0.101,167
Apr 06 2014 01: +0,0.114,157
Apr 07 2014 01: +0,0.11,126
Apr 08 2014 01: +0,0.114,97
Apr 09 2014 01: +0,0.108,135
Apr 10 2014 01: +0,0.109,129
Apr 11 2014 01: +0,0.108,186
Apr 12 2014 01: +0,0.118,122
Apr 13 2014 01: +0,0.117,170
Apr 14 2014 01: +0,0.124,181
Apr 15 2014 01: +0,0.126,146
Apr 16 2014 01: +0,0.113,153
Apr 17 2014 01: +0,0.118,133
Apr 18 2014 01: +0,0.121,157
Apr 19 2014 01: +0,0.122,159
Apr 20 2014 01: +0,0.117,198
Apr 21 2014 01: +0,0.11,201
Apr 22 2014 01: +0,0.125,153
Apr 23 2014 01: +0,0.118,154
Apr 24 2014 01: +0,0.125,145
Apr 25 2014 01: +0,0.128,152
Apr 26 2014 01: +0,0.141,153
Apr 27 2014 01: +0,0.136,175
Apr 28 2014 01: +0,0.133,150
Apr 29 2014 01: +0,0.134,170
Apr 30 2014 01: +0,0.127,145
May 01 2014 01: +0,0.124,147
May 02 2014 01: +0,0.124,128
May 03 2014 01: +0,0.128,163
May 04 2014 01: +0,0.117,185
May 05 2014 01: +0,0.113,160
May 06 2014 01: +0,0.109,151
May 07 2014 01: +0,0.113,168
May 08 2014 01: +0,0.107,144
May 09 2014 01: +0,0.105,193
May 10 2014 01: +0,0.099,200
May 11 2014 01: +0,0.091,192
May 12 2014 01: +0,0.082,186
May 13 2014 01: +0,0.095,132
May 14 2014 01: +0,0.097,152
May 15 2014 01: +0,0.125,210
May 16 2014 01: +0,0.143,179
May 17 2014 01: +0,0.12,149
May 18 2014 01: +0,0.126,165
May 19 2014 01: +0,0.124,133
May 20 2014 01: +0,0.121,119
May 21 2014 01: +0,0.12,125
May 22 2014 01: +0,0.127,123
May 23 2014 01: +0,0.116,126
May 24 2014 01: +0,0.122,131
May 25 2014 01: +0,0.124,103
May 26 2014 01: +0,0.122,122
May 27 2014 01: +0,0.115,128
May 28 2014 01: +0,0.111,112
May 29 2014 01: +0,0.119,114
May 30 2014 01: +0,0.118,88
May 31 2014 01: +0,0.118,94
Jun 01 2014 01: +0,0.113,113
Jun 02 2014 01: +0,0.117,100
Jun 03 2014 01: +0,0.109,112
Jun 04 2014 01: +0,0.115,102
Jun 05 2014 01: +0,0.112,82
Jun 06 2014 01: +0,0.112,96
Jun 07 2014 01: +0,0.105,87
Jun 08 2014 01: +0,0.119,105
Jun 09 2014 01: +0,0.121,90
Jun 10 2014 01: +0,0.117,113
Jun 11 2014 01: +0,0.119,81
Jun 12 2014 01: +0,0.112,95
Jun 13 2014 01: +0,0.118,101
Jun 14 2014 01: +0,0.13,115
Jun 15 2014 01: +0,0.128,126
Jun 16 2014 01: +0,0.126,142
Jun 17 2014 01: +0,0.126,106
Jun 18 2014 01: +0,0.121,76
Jun 19 2014 01: +0,0.11,110
Jun 20 2014 01: +0,0.092,107
Jun 21 2014 01: +0,0.086,91
Jun 22 2014 01: +0,0.079,93
Jun 23 2014 01: +0,0.085,150
Jun 24 2014 01: +0,0.09,70
Jun 25 2014 01: +0,0.088,114
Jun 26 2014 01: +0,0.096,90
Jun 27 2014 01: +0,0.096,101
Jun 28 2014 01: +0,0.104,120
Jun 29 2014 01: +0,0.103,96
Jun 30 2014 01: +0,0.11,98
Jul 01 2014 01: +0,0.135,94
Jul 02 2014 01: +0,0.107,89
Jul 03 2014 01: +0,0.114,88
Jul 04 2014 01: +0,0.11,57
Jul 05 2014 01: +0,0.113,122
Jul 06 2014 01: +0,0.136,90
Jul 07 2014 01: +0,0.119,96
Jul 08 2014 01: +0,0.134,85
Jul 09 2014 01: +0,0.131,98
Jul 10 2014 01: +0,0.124,105
Jul 11 2014 01: +0,0.134,110
Jul 12 2014 01: +0,0.152,88
Jul 13 2014 01: +0,0.158,98
Jul 14 2014 01: +0,0.169,75
Jul 15 2014 01: +0,0.129,88
Jul 16 2014 01: +0,0.139,87
Jul 17 2014 01: +0,0.135,71
Jul 18 2014 01: +0,0.133,87
Jul 19 2014 01: +0,0.153,86
Jul 20 2014 01: +0,0.139,81
Jul 21 2014 01: +0,0.143,103
Jul 22 2014 01: +0,0.143,82
Jul 23 2014 01: +0,0.143,81
Jul 24 2014 01: +0,0.14,99
Jul 25 2014 01: +0,0.144,70
Jul 26 2014 01: +0,0.142,99
Jul 27 2014 01: +0,0.163,69
Jul 28 2014 01: +0,0.152,86
Jul 29 2014 01: +0,0.171,93
Jul 30 2014 01: +0,0.169,82
Jul 31 2014 01: +0,0.156,85
Aug 01 2014 01: +0,0.157,93
Aug 02 2014 01: +0,0.164,84
Aug 03 2014 01: +0,0.186,114
Aug 04 2014 01: +0,0.2,91
Aug 05 2014 01: +0,0.157,105
Aug 06 2014 01: +0,0.141,101
Aug 07 2014 01: +0,0.145,88
Aug 08 2014 01: +0,0.164,92
Aug 09 2014 01: +0,0.164,72
Aug 10 2014 01: +0,0.183,82
Aug 11 2014 01: +0,0.193,79
Aug 12 2014 01: +0,0.176,90
Aug 13 2014 01: +0,0.164,82
Aug 14 2014 01: +0,0.164,81
Aug 15 2014 01: +0,0.171,130
Aug 16 2014 01: +0,0.189,107
Aug 17 2014 01: +0,0.138,102
Aug 18 2014 01: +0,0.133,123
Aug 19 2014 01: +0,0.174,82
Aug 20 2014 01: +0,0.195,91
Aug 21 2014 01: +0,0.195,89
Aug 22 2014 01: +0,0.201,80
Aug 23 2014 01: +0,0.166,85
Aug 24 2014 01: +0,0.193,108
Aug 25 2014 01: +0,0.239,104
Aug 26 2014 01: +0,0.231,99
Aug 27 2014 01: +0,0.245,109
Aug 28 2014 01: +0,0.245,68
Aug 29 2014 01: +0,0.236,93
Aug 30 2014 01: +0,0.244,99
Aug 31 2014 01: +0,0.252,83
Sep 01 2014 01: +0,0.273,74
Sep 02 2014 01: +0,0.268,62
Sep 03 2014 01: +0,0.25,79
Sep 04 2014 01: +0,0.243,65
Sep 05 2014 01: +0,0.313,82
Sep 06 2014 01: +0,0.31,74
Sep 07 2014 01: +0,0.281,98
Sep 08 2014 01: +0,0.315,71
Sep 09 2014 01: +0,0.316,54
Sep 10 2014 01: +0,0.289,85
Sep 11 2014 01: +0,0.23,65
Sep 12 2014 01: +0,0.2,87
Sep 13 2014 01: +0,0.212,112
Sep 14 2014 01: +0,0.243,79
Sep 15 2014 01: +0,0.23,53
Sep 16 2014 01: +0,0.214,80
Sep 17 2014 01: +0,0.238,67
Sep 18 2014 01: +0,0.275,63
Sep 19 2014 01: +0,0.213,83
Sep 20 2014 01: +0,0.233,113
Sep 21 2014 01: +0,0.244,82
Sep 22 2014 01: +0,0.232,63
Sep 23 2014 01: +0,0.258,72
Sep 24 2014 01: +0,0.241,62
Sep 25 2014 01: +0,0.267,57
Sep 26 2014 01: +0,0.274,92
Sep 27 2014 01: +0,0.258,64
Sep 28 2014 01: +0,0.242,79
Sep 29 2014 01: +0,0.264,59
Sep 30 2014 01: +0,0.238,68
Oct 01 2014 01: +0,0.235,62
Oct 02 2014 01: +0,0.265,85
Oct 03 2014 01: +0,0.274,72
Oct 04 2014 01: +0,0.258,102
Oct 05 2014 01: +0,0.278,90
Oct 06 2014 01: +0,0.305,56
Oct 07 2014 01: +0,0.301,70
Oct 08 2014 01: +0,0.361,56
Oct 09 2014 01: +0,0.333,47
Oct 10 2014 01: +0,0.341,73
Oct 11 2014 01: +0,0.294,76
Oct 12 2014 01: +0,0.253,84
Oct 13 2014 01: +0,0.284,66
Oct 14 2014 01: +0,0.272,67
Oct 15 2014 01: +0,0.275,64
Oct 16 2014 01: +0,0.298,65
Oct 17 2014 01: +0,0.311,73
Oct 18 2014 01: +0,0.306,88
Oct 19 2014 01: +0,0.279,74
Oct 20 2014 01: +0,0.278,61
Oct 21 2014 01: +0,0.306,39
Oct 22 2014 01: +0,0.309,68
Oct 23 2014 01: +0,0.319,62
Oct 24 2014 01: +0,0.311,57
Oct 25 2014 01: +0,0.313,54
Oct 26 2014 01: +0,0.277,86
Oct 27 2014 01: +0,0.261,83
Oct 28 2014 01: +0,0.319,60
Oct 29 2014 01: +0,0.282,59
Oct 30 2014 01: +0,0.339,61
Oct 31 2014 01: +0,0.277,88
Nov 01 2014 01: +0,0.287,71
Nov 02 2014 01: +0,0.278,95
Nov 03 2014 01: +0,0.293,48
Nov 04 2014 01: +0,0.322,63
Nov 05 2014 01: +0,0.369,53
Nov 06 2014 01: +0,0.291,57
Nov 07 2014 01: +0,0.308,56
Nov 08 2014 01: +0,0.434,52
Nov 09 2014 01: +0,0.326,63
Nov 10 2014 01: +0,0.269,63
Nov 11 2014 01: +0,0.258,65
Nov 12 2014 01: +0,0.212,88
Nov 13 2014 01: +0,0.196,56
Nov 14 2014 01: +0,0.247,61
Nov 15 2014 01: +0,0.282,75
Nov 16 2014 01: +0,0.258,69
Nov 17 2014 01: +0,0.205,68
Nov 18 2014 01: +0,0.253,54
Nov 19 2014 01: +0,0.297,46
Nov 20 2014 01: +0,0.227,44
Nov 21 2014 01: +0,0.213,51
Nov 22 2014 01: +0,0.256,77
Nov 23 2014 01: +0,0.266,73
Nov 24 2014 01: +0,0.224,47
Nov 25 2014 01: +0,0.245,51
Nov 26 2014 01: +0,0.27,63
Nov 27 2014 01: +0,0.242,51
Nov 28 2014 01: +0,0.231,84
Nov 29 2014 01: +0,0.321,22
Nov 30 2014 01: +0,0.245,103
Dec 01 2014 01: +0,0.208,70
Dec 02 2014 01: +0,0.21,61
Dec 03 2014 01: +0,0.255,80
Dec 04 2014 01: +0,0.317,60
Dec 05 2014 01: +0,0.368,55
Dec 06 2014 01: +0,0.369,73
Dec 07 2014 01: +0,0.342,60
Dec 08 2014 01: +0,0.317,50
Dec 09 2014 01: +0,0.303,55
Dec 10 2014 01: +0,0.353,57
Dec 11 2014 01: +0,0.307,68
Dec 12 2014 01: +0,0.284,72
Dec 13 2014 01: +0,0.345,84
Dec 14 2014 01: +0,0.313,80
Dec 15 2014 01: +0,0.265,67
Dec 16 2014 01: +0,0.28,74
Dec 17 2014 01: +0,0.308,66
Dec 18 2014 01: +0,0.329,59
Dec 19 2014 01: +0,0.322,54
Dec 20 2014 01: +0,0.263,61
Dec 21 2014 01: +0,0.235,78
Dec 22 2014 01: +0,0.243,67
Dec 23 2014 01: +0,0.3,76
Dec 24 2014 01: +0,0.257,71
Dec 25 2014 01: +0,0.382,86
Dec 26 2014 01: +0,0.388,72
Dec 27 2014 01: +0,0.341,92
Dec 28 2014 01: +0,0.341,79
Dec 29 2014 01: +0,0.36,83
Dec 30 2014 01: +0,0.338,77
Dec 31 2014 01: +0,0.436,68
Jan 01 2015 01: +0,0.37,83
Jan 02 2015 01: +0,0.402,92
Jan 03 2015 01: +0,0.428,72
Jan 04 2015 01: +0,0.418,89
Jan 05 2015 01: +0,0.379,93
Jan 06 2015 01: +0,0.378,86
Jan 07 2015 01: +0,0.409,71
Jan 08 2015 01: +0,0.456,76
Jan 09 2015 01: +0,0.415,99
Jan 10 2015 01: +0,0.363,88
Jan 11 2015 01: +0,0.528,110
Jan 12 2015 01: +0,0.488,45
Jan 13 2015 01: +0,0.415,70
Jan 14 2015 01: +0,0.464,85
Jan 15 2015 01: +0,0.459,88
Jan 16 2015 01: +0,0.415,85
Jan 17 2015 01: +0,0.393,107
Jan 18 2015 01: +0,0.42,112
Jan 19 2015 01: +0,0.411,93
Jan 20 2015 01: +0,0.463,76
Jan 21 2015 01: +0,0.412,74
Jan 22 2015 01: +0,0.43,85
Jan 23 2015 01: +0,0.435,82
Jan 24 2015 01: +0,0.495,96
Jan 25 2015 01: +0,0.451,111
Jan 26 2015 01: +0,0.433,96
Jan 27 2015 01: +0,0.415,92
Jan 28 2015 01: +0,0.417,87
Jan 29 2015 01: +0,0.432,80
Jan 30 2015 01: +0,0.447,92
Jan 31 2015 01: +0,0.45,118
Feb 01 2015 01: +0,0.367,113
Feb 02 2015 01: +0,0.369,95
Feb 03 2015 01: +0,0.404,82
Feb 04 2015 01: +0,0.439,76
Feb 05 2015 01: +0,0.47,67
Feb 06 2015 01: +0,0.474,76
Feb 07 2015 01: +0,0.449,94
Feb 08 2015 01: +0,0.422,83
Feb 09 2015 01: +0,0.392,80
Feb 10 2015 01: +0,0.415,70
Feb 11 2015 01: +0,0.411,70
Feb 12 2015 01: +0,0.443,63
Feb 13 2015 01: +0,0.405,73
Feb 14 2015 01: +0,0.447,101
Feb 15 2015 01: +0,0.383,111
Feb 16 2015 01: +0,0.384,96
Feb 17 2015 01: +0,0.466,84
Feb 18 2015 01: +0,0.414,79
Feb 19 2015 01: +0,0.465,72
Feb 20 2015 01: +0,0.373,99
Feb 21 2015 01: +0,0.4,95
Feb 22 2015 01: +0,0.441,83
Feb 23 2015 01: +0,0.424,84
Feb 24 2015 01: +0,0.488,74
Feb 25 2015 01: +0,0.526,60
Feb 26 2015 01: +0,0.529,65
Feb 27 2015 01: +0,0.488,92
Feb 28 2015 01: +0,0.422,89
Mar 01 2015 01: +0,0.453,83
Mar 02 2015 01: +0,0.449,61
Mar 03 2015 01: +0,0.464,65
Mar 04 2015 01: +0,0.427,62
Mar 05 2015 01: +0,0.481,71
Mar 06 2015 01: +0,0.536,59
Mar 07 2015 01: +0,0.447,84
Mar 08 2015 01: +0,0.426,85
Mar 09 2015 01: +0,0.386,70
Mar 10 2015 01: +0,0.442,67
Mar 11 2015 01: +0,0.503,49
Mar 12 2015 01: +0,0.479,40
Mar 13 2015 01: +0,0.466,56
Mar 14 2015 01: +0,0.46,112
Mar 15 2015 01: +0,0.377,86
Mar 16 2015 01: +0,0.342,90
Mar 17 2015 01: +0,0.546,67
Mar 18 2015 01: +0,0.557,59
Mar 19 2015 01: +0,0.478,56
Mar 20 2015 01: +0,0.487,63
Mar 21 2015 01: +0,0.472,71
Mar 22 2015 01: +0,0.504,69
Mar 23 2015 01: +0,0.479,85
Mar 24 2015 01: +0,0.475,51
Mar 25 2015 01: +0,0.493,63
Mar 26 2015 01: +0,0.48,66
Mar 27 2015 01: +0,0.504,74
Mar 28 2015 01: +0,0.47,81
Mar 29 2015 01: +0,0.514,82
Mar 30 2015 01: +0,0.462,83
Mar 31 2015 01: +0,0.463,73
Apr 01 2015 01: +0,0.455,94
Apr 02 2015 01: +0,0.498,118
Apr 03 2015 01: +0,0.517,94
Apr 04 2015 01: +0,0.538,88
Apr 05 2015 01: +0,0.554,100
Apr 06 2015 01: +0,0.624,77
Apr 07 2015 01: +0,0.678,85
Apr 08 2015 01: +0,0.631,55
Apr 09 2015 01: +0,0.57,60
Apr 10 2015 01: +0,0.549,68
Apr 11 2015 01: +0,0.58,91
Apr 12 2015 01: +0,0.579,79
Apr 13 2015 01: +0,0.581,62
Apr 14 2015 01: +0,0.569,63
Apr 15 2015 01: +0,0.577,65
Apr 16 2015 01: +0,0.463,77
Apr 17 2015 01: +0,0.481,91
Apr 18 2015 01: +0,0.458,108
Apr 19 2015 01: +0,0.513,94
Apr 20 2015 01: +0,0.45,93
Apr 21 2015 01: +0,0.517,60
Apr 22 2015 01: +0,0.477,66
Apr 23 2015 01: +0,0.461,75
Apr 24 2015 01: +0,0.507,93
Apr 25 2015 01: +0,0.578,94
Apr 26 2015 01: +0,0.601,95
Apr 27 2015 01: +0,0.576,72
Apr 28 2015 01: +0,0.534,59
Apr 29 2015 01: +0,0.559,79
Apr 30 2015 01: +0,0.559,82
May 01 2015 01: +0,0.578,82
May 02 2015 01: +0,0.632,97
May 03 2015 01: +0,0.564,82
May 04 2015 01: +0,0.519,106
May 05 2015 01: +0,0.553,69
May 06 2015 01: +0,0.544,75
May 07 2015 01: +0,0.559,74
May 08 2015 01: +0,0.572,80
May 09 2015 01: +0,0.547,101
May 10 2015 01: +0,0.587,76
May 11 2015 01: +0,0.592,76
May 12 2015 01: +0,0.552,75
May 13 2015 01: +0,0.561,75
May 14 2015 01: +0,0.596,74
May 15 2015 01: +0,0.611,81
May 16 2015 01: +0,0.602,79
May 17 2015 01: +0,0.6,86
May 18 2015 01: +0,0.693,72
May 19 2015 01: +0,0.712,62
May 20 2015 01: +0,0.675,52
May 21 2015 01: +0,0.612,77
May 22 2015 01: +0,0.645,82
May 23 2015 01: +0,0.626,83
May 24 2015 01: +0,0.595,70
May 25 2015 01: +0,0.857,73
May 26 2015 01: +0,0.647,72
May 27 2015 01: +0,0.334,108
May 28 2015 01: +0,0.331,91
May 29 2015 01: +0,0.331,105
May 30 2015 01: +0,0.409,88
May 31 2015 01: +0,0.434,92
Jun 01 2015 01: +0,0.426,80
Jun 02 2015 01: +0,0.435,66
Jun 03 2015 01: +0,0.396,72
Jun 04 2015 01: +0,0.417,81
Jun 05 2015 01: +0,0.35,83
Jun 06 2015 01: +0,0.336,85
Jun 07 2015 01: +0,0.387,101
Jun 08 2015 01: +0,0.357,80
Jun 09 2015 01: +0,0.406,61
Jun 10 2015 01: +0,0.399,82
Jun 11 2015 01: +0,0.365,62
Jun 12 2015 01: +0,0.314,90
Jun 13 2015 01: +0,0.299,77
Jun 14 2015 01: +0,0.276,112
Jun 15 2015 01: +0,0.296,102
Jun 16 2015 01: +0,0.339,79
Jun 17 2015 01: +0,0.347,58
Jun 18 2015 01: +0,0.341,88
Jun 19 2015 01: +0,0.327,73
Jun 20 2015 01: +0,0.319,113
Jun 21 2015 01: +0,0.318,76
Jun 22 2015 01: +0,0.345,77
Jun 23 2015 01: +0,0.372,71
Jun 24 2015 01: +0,0.403,69
Jun 25 2015 01: +0,0.436,62
Jun 26 2015 01: +0,0.461,49
Jun 27 2015 01: +0,0.467,59
Jun 28 2015 01: +0,0.546,68
Jun 29 2015 01: +0,0.484,59
Jun 30 2015 01: +0,0.439,46
Jul 01 2015 01: +0,0.437,56
Jul 02 2015 01: +0,0.458,59
Jul 03 2015 01: +0,0.474,73
Jul 04 2015 01: +0,0.537,45
Jul 05 2015 01: +0,0.459,57
Jul 06 2015 01: +0,0.476,69
Jul 07 2015 01: +0,0.485,60
Jul 08 2015 01: +0,0.486,55
Jul 09 2015 01: +0,0.478,56
Jul 10 2015 01: +0,0.495,68
Jul 11 2015 01: +0,0.51,61
Jul 12 2015 01: +0,0.506,58
Jul 13 2015 01: +0,0.468,59
Jul 14 2015 01: +0,0.436,50
Jul 15 2015 01: +0,0.431,70
Jul 16 2015 01: +0,0.49,77
Jul 17 2015 01: +0,0.528,51
Jul 18 2015 01: +0,0.503,64
Jul 19 2015 01: +0,0.539,52
Jul 20 2015 01: +0,0.542,54
Jul 21 2015 01: +0,0.492,55
Jul 22 2015 01: +0,0.533,62
Jul 23 2015 01: +0,0.509,50
Jul 24 2015 01: +0,0.47,48
Jul 25 2015 01: +0,0.453,69
Jul 26 2015 01: +0,0.468,45
Jul 27 2015 01: +0,0.456,54
Jul 28 2015 01: +0,0.486,53
Jul 29 2015 01: +0,0.478,49
Jul 30 2015 01: +0,0.455,54
Jul 31 2015 01: +0,0.45,57
Aug 01 2015 01: +0,0.534,66
Aug 02 2015 01: +0,0.559,46
Aug 03 2015 01: +0,0.474,52
Aug 04 2015 01: +0,0.483,45
Aug 05 2015 01: +0,0.577,43
Aug 06 2015 01: +0,0.523,46
Aug 07 2015 01: +0,0.456,49
Aug 08 2015 01: +0,0.502,47
Aug 09 2015 01: +0,0.473,42
Aug 10 2015 01: +0,0.474,50
Aug 11 2015 01: +0,0.471,61
Aug 12 2015 01: +0,0.458,66
Aug 13 2015 01: +0,0.476,63
Aug 14 2015 01: +0,0.49,60
Aug 15 2015 01: +0,0.433,65
Aug 16 2015 01: +0,0.45,55
Aug 17 2015 01: +0,0.447,49
Aug 18 2015 01: +0,0.466,46
Aug 19 2015 01: +0,0.371,51
Aug 20 2015 01: +0,0.395,73
Aug 21 2015 01: +0,0.385,47
Aug 22 2015 01: +0,0.46,51
Aug 23 2015 01: +0,0.344,74
Aug 24 2015 01: +0,0.341,58
Aug 25 2015 01: +0,0.427,53
Aug 26 2015 01: +0,0.433,58
Aug 27 2015 01: +0,0.456,46
Aug 28 2015 01: +0,0.471,82
Aug 29 2015 01: +0,0.542,62
Aug 30 2015 01: +0,0.507,63
Aug 31 2015 01: +0,0.602,36
Sep 01 2015 01: +0,0.566,56
Sep 02 2015 01: +0,0.596,51
Sep 03 2015 01: +0,0.57,40
Sep 04 2015 01: +0,0.553,41
Sep 05 2015 01: +0,0.505,51
Sep 06 2015 01: +0,0.495,68
Sep 07 2015 01: +0,0.522,62
Sep 08 2015 01: +0,0.554,42
Sep 09 2015 01: +0,0.623,34
Sep 10 2015 01: +0,0.65,27
Sep 11 2015 01: +0,0.579,58
Sep 12 2015 01: +0,0.575,55
Sep 13 2015 01: +0,0.653,57
Sep 14 2015 01: +0,0.558,50
Sep 15 2015 01: +0,0.572,35
Sep 16 2015 01: +0,0.535,66
Sep 17 2015 01: +0,0.58,48
Sep 18 2015 01: +0,0.534,55
Sep 19 2015 01: +0,0.566,70
Sep 20 2015 01: +0,0.501,71
Sep 21 2015 01: +0,0.516,63
Sep 22 2015 01: +0,0.635,43
Sep 23 2015 01: +0,0.6,39
Sep 24 2015 01: +0,0.609,46
Sep 25 2015 01: +0,0.608,53
Sep 26 2015 01: +0,0.628,60
Sep 27 2015 01: +0,0.636,47
Sep 28 2015 01: +0,0.594,32
Sep 29 2015 01: +0,0.559,35
Sep 30 2015 01: +0,0.495,42
Oct 01 2015 01: +0,0.498,62
Oct 02 2015 01: +0,0.517,60
Oct 03 2015 01: +0,0.581,69
Oct 04 2015 01: +0,0.633,53
Oct 05 2015 01: +0,0.695,34
Oct 06 2015 01: +0,0.641,27
Oct 07 2015 01: +0,0.613,27
Oct 08 2015 01: +0,0.564,41
Oct 09 2015 01: +0,0.556,50
Oct 10 2015 01: +0,0.571,56
Oct 11 2015 01: +0,0.522,67
Oct 12 2015 01: +0,0.717,35
Oct 13 2015 01: +0,0.674,21
Oct 14 2015 01: +0,0.531,48
Oct 15 2015 01: +0,0.565,41
Oct 16 2015 01: +0,0.577,51
Oct 17 2015 01: +0,0.612,45
Oct 18 2015 01: +0,0.582,51
Oct 19 2015 01: +0,0.606,46
Oct 20 2015 01: +0,0.602,27
Oct 21 2015 01: +0,0.622,31
Oct 22 2015 01: +0,0.554,24
Oct 23 2015 01: +0,0.586,51
Oct 24 2015 01: +0,0.619,47
Oct 25 2015 01: +0,0.619,48
Oct 26 2015 01: +0,0.611,22
Oct 27 2015 01: +0,0.517,48
Oct 28 2015 01: +0,0.58,53
Oct 29 2015 01: +0,0.713,49
Oct 30 2015 01: +0,0.594,42
Oct 31 2015 01: +0,0.573,46
Nov 01 2015 01: +0,0.499,50
Nov 02 2015 01: +0,0.509,37
Nov 03 2015 01: +0,0.528,37
Nov 04 2015 01: +0,0.574,37
Nov 05 2015 01: +0,0.628,37
Nov 06 2015 01: +0,0.628,44
Nov 07 2015 01: +0,0.742,40
Nov 08 2015 01: +0,0.629,32
Nov 09 2015 01: +0,0.602,32
Nov 10 2015 01: +0,0.638,36
Nov 11 2015 01: +0,0.654,39
Nov 12 2015 01: +0,0.681,31
Nov 13 2015 01: +0,0.677,25
Nov 14 2015 01: +0,0.672,44
Nov 15 2015 01: +0,0.596,32
Nov 16 2015 01: +0,0.592,17
Nov 17 2015 01: +0,0.585,37
Nov 18 2015 01: +0,0.582,24
Nov 19 2015 01: +0,0.583,23
Nov 20 2015 01: +0,0.568,43
Nov 21 2015 01: +0,0.632,37
Nov 22 2015 01: +0,0.581,37
Nov 23 2015 01: +0,0.592,31
Nov 24 2015 01: +0,0.65,52
Nov 25 2015 01: +0,0.683,33
Nov 26 2015 01: +0,0.56,42
Nov 27 2015 01: +0,0.501,48
Nov 28 2015 01: +0,0.579,56
Nov 29 2015 01: +0,0.498,36
Nov 30 2015 01: +0,0.496,51
Dec 01 2015 01: +0,0.536,29
Dec 02 2015 01: +0,0.566,37
Dec 03 2015 01: +0,0.637,35
Dec 04 2015 01: +0,0.689,29
Dec 05 2015 01: +0,0.643,40
Dec 06 2015 01: +0,0.671,39
Dec 07 2015 01: +0,0.67,48
Dec 08 2015 01: +0,1.102,46
Dec 09 2015 01: +0,0.711,35
Dec 10 2015 01: +0,0.663,37
Dec 11 2015 01: +0,0.645,27
Dec 12 2015 01: +0,0.661,65
Dec 13 2015 01: +0,0.669,37
Dec 14 2015 01: +0,0.668,24
Dec 15 2015 01: +0,0.638,36
Dec 16 2015 01: +0,0.707,29
Dec 17 2015 01: +0,0.702,37
Dec 18 2015 01: +0,0.705,20
Dec 19 2015 01: +0,0.661,46
Dec 20 2015 01: +0,0.673,34
Dec 21 2015 01: +0,0.685,44
Dec 22 2015 01: +0,0.675,26
Dec 23 2015 01: +0,0.638,32
Dec 24 2015 01: +0,0.595,42
Dec 25 2015 01: +0,0.656,54
Dec 26 2015 01: +0,0.747,43
Dec 27 2015 01: +0,0.757,33
Dec 28 2015 01: +0,0.713,45
Dec 29 2015 01: +0,0.664,39
Dec 30 2015 01: +0,0.606,57
Dec 31 2015 01: +0,0.707,39
Jan 01 2016 01: +0,0.693,44
Jan 02 2016 01: +0,0.579,44
Jan 03 2016 01: +0,0.596,55
Jan 04 2016 01: +0,0.693,31
Jan 05 2016 01: +0,0.911,29
Jan 06 2016 01: +0,0.761,43
Jan 07 2016 01: +0,0.697,19
Jan 08 2016 01: +0,0.65,44
Jan 09 2016 01: +0,0.708,42
Jan 10 2016 01: +0,0.714,35
Jan 11 2016 01: +0,0.703,23
Jan 12 2016 01: +0,0.701,26
Jan 13 2016 01: +0,0.671,42
Jan 14 2016 01: +0,0.763,20
Jan 15 2016 01: +0,0.726,31
Jan 16 2016 01: +0,0.747,44
Jan 17 2016 01: +0,0.692,40
Jan 18 2016 01: +0,0.737,24
Jan 19 2016 01: +0,0.755,17
Jan 20 2016 01: +0,0.648,15
Jan 21 2016 01: +0,0.696,35
Jan 22 2016 01: +0,0.662,27
Jan 23 2016 01: +0,1.165,39
Jan 24 2016 01: +0,0.692,45
Jan 25 2016 01: +0,0.714,37
Jan 26 2016 01: +0,0.8,22
Jan 27 2016 01: +0,1.007,37
Jan 28 2016 01: +0,0.726,29
Jan 29 2016 01: +0,0.658,45
Jan 30 2016 01: +0,0.758,38
Jan 31 2016 01: +0,0.84,34
Feb 01 2016 01: +0,0.854,32
Feb 02 2016 01: +0,0.952,15
Feb 03 2016 01: +0,0.841,18
Feb 04 2016 01: +0,0.781,23
Feb 05 2016 01: +0,0.817,33
Feb 06 2016 01: +0,0.82,45
Feb 07 2016 01: +0,0.785,28
Feb 08 2016 01: +0,0.694,31
Feb 09 2016 01: +0,0.716,30
Feb 10 2016 01: +0,0.765,19
Feb 11 2016 01: +0,0.636,24
Feb 12 2016 01: +0,0.674,34
Feb 13 2016 01: +0,0.813,27
Feb 14 2016 01: +0,0.892,26
Feb 15 2016 01: +0,0.895,26
Feb 16 2016 01: +0,0.851,26
Feb 17 2016 01: +0,0.801,26
Feb 18 2016 01: +0,0.656,43
Feb 19 2016 01: +0,0.699,40
Feb 20 2016 01: +0,0.735,43
Feb 21 2016 01: +0,0.788,38
Feb 22 2016 01: +0,0.733,38
Feb 23 2016 01: +0,0.726,28
Feb 24 2016 01: +0,0.692,39
Feb 25 2016 01: +0,0.635,35
Feb 26 2016 01: +0,0.672,38
Feb 27 2016 01: +0,0.704,46
Feb 28 2016 01: +0,0.673,31
Feb 29 2016 01: +0,0.687,29
Mar 01 2016 01: +0,0.736,31
Mar 02 2016 01: +0,0.719,32
Mar 03 2016 01: +0,0.746,32
Mar 04 2016 01: +0,0.755,40
Mar 05 2016 01: +0,0.796,39
Mar 06 2016 01: +0,0.722,39
Mar 07 2016 01: +0,0.773,30
Mar 08 2016 01: +0,0.699,30
Mar 09 2016 01: +0,0.772,26
Mar 10 2016 01: +0,0.774,18
Mar 11 2016 01: +0,0.876,28
Mar 12 2016 01: +0,0.972,23
Mar 13 2016 01: +0,0.908,25
Mar 14 2016 01: +0,1.069,12
Mar 15 2016 01: +0,0.919,16
Mar 16 2016 01: +0,0.969,29
Mar 17 2016 01: +0,1.079,16
Mar 18 2016 01: +0,1.022,25
Mar 19 2016 01: +0,1.1,22
Mar 20 2016 01: +0,1.067,15
Mar 21 2016 01: +0,1.027,7
Mar 22 2016 01: +0,0.915,15
Mar 23 2016 01: +0,0.902,10
Mar 24 2016 01: +0,0.857,17
Mar 25 2016 01: +0,0.908,24
Mar 26 2016 01: +0,0.881,20
Mar 27 2016 01: +0,0.9,22
Mar 28 2016 01: +0,0.94,22
Mar 29 2016 01: +0,0.98,21
Mar 30 2016 01: +0,0.994,22
Mar 31 2016 01: +0,0.915,15
Apr 01 2016 01: +0,0.968,27
Apr 02 2016 01: +0,0.968,28
Apr 03 2016 01: +0,0.887,17
Apr 04 2016 01: +0,0.894,17
Apr 05 2016 01: +0,0.926,23
Apr 06 2016 01: +0,0.95,19
Apr 07 2016 01: +0,0.934,20
Apr 08 2016 01: +0,0.993,26
Apr 09 2016 01: +0,1.098,28
Apr 10 2016 01: +0,1.21,21
Apr 11 2016 01: +0,1.079,25
Apr 12 2016 01: +0,1.106,16
Apr 13 2016 01: +0,0.949,22
Apr 14 2016 01: +0,0.866,29
Apr 15 2016 01: +0,0.9,23
Apr 16 2016 01: +0,1.083,32
Apr 17 2016 01: +0,1.209,8
Apr 18 2016 01: +0,1.057,18
Apr 19 2016 01: +0,1.283,19
Apr 20 2016 01: +0,0.984,20
Apr 21 2016 01: +0,1.101,18
Apr 22 2016 01: +0,0.968,36
Apr 23 2016 01: +0,0.932,30
Apr 24 2016 01: +0,0.952,13
Apr 25 2016 01: +0,0.945,17
Apr 26 2016 01: +0,1.14,14
Apr 27 2016 01: +0,0.948,17
Apr 28 2016 01: +0,0.888,25
Apr 29 2016 01: +0,0.976,16
Apr 30 2016 01: +0,0.99,30
May 01 2016 01: +0,1.046,13
May 02 2016 01: +0,0.922,36
May 03 2016 01: +0,0.965,19
May 04 2016 01: +0,0.906,32
May 05 2016 01: +0,0.866,17
May 06 2016 01: +0,0.896,17
May 07 2016 01: +0,0.854,21
May 08 2016 01: +0,0.847,29
May 09 2016 01: +0,0.827,20
May 10 2016 01: +0,0.853,10
May 11 2016 01: +0,0.899,21
May 12 2016 01: +0,0.915,10
May 13 2016 01: +0,0.825,20
May 14 2016 01: +0,0.98,14
May 15 2016 01: +0,0.86,15
May 16 2016 01: +0,0.971,26
May 17 2016 01: +0,0.834,10
May 18 2016 01: +0,0.772,17
May 19 2016 01: +0,0.768,11
May 20 2016 01: +0,0.784,19
May 21 2016 01: +0,0.772,9
May 22 2016 01: +0,0.704,25
May 23 2016 01: +0,0.743,11
May 24 2016 01: +0,0.685,14
May 25 2016 01: +0,0.704,14
May 26 2016 01: +0,0.68,13
May 27 2016 01: +0,0.648,15
May 28 2016 01: +0,0.676,26
May 29 2016 01: +0,0.766,22
May 30 2016 01: +0,0.683,17
May 31 2016 01: +0,0.73,15
Jun 01 2016 01: +0,0.766,31
Jun 02 2016 01: +0,0.742,18
Jun 03 2016 01: +0,0.736,19
Jun 04 2016 01: +0,0.755,26
Jun 05 2016 01: +0,0.785,20
Jun 06 2016 01: +0,0.765,20
Jun 07 2016 01: +0,0.768,20
Jun 08 2016 01: +0,0.855,20
Jun 09 2016 01: +0,0.829,21
Jun 10 2016 01: +0,0.809,15
Jun 11 2016 01: +0,0.777,23
Jun 12 2016 01: +0,0.726,19
Jun 13 2016 01: +0,0.71,14
Jun 14 2016 01: +0,0.912,21
Jun 15 2016 01: +0,2.022,12
Jun 16 2016 01: +0,1.002,21
Jun 17 2016 01: +0,0.869,14
Jun 18 2016 01: +0,0.844,22
Jun 19 2016 01: +0,0.879,13
Jun 20 2016 01: +0,0.813,18
Jun 21 2016 01: +0,0.761,20
Jun 22 2016 01: +0,0.664,20
Jun 23 2016 01: +0,0.694,15
Jun 24 2016 01: +0,0.68,25
Jun 25 2016 01: +0,0.615,13
Jun 26 2016 01: +0,0.607,17
Jun 27 2016 01: +0,0.585,25
Jun 28 2016 01: +0,0.563,10
Jun 29 2016 01: +0,0.536,31
Jun 30 2016 01: +0,0.513,22
Jul 01 2016 01: +0,0.509,20
Jul 02 2016 01: +0,0.544,16
Jul 03 2016 01: +0,0.534,11
Jul 04 2016 01: +0,0.491,23
Jul 05 2016 01: +0,0.506,15
Jul 06 2016 01: +0,0.64,22
Jul 07 2016 01: +0,0.858,17
Jul 08 2016 01: +0,0.748,13
Jul 09 2016 01: +0,0.682,14
Jul 10 2016 01: +0,0.678,17
Jul 11 2016 01: +0,0.62,22
Jul 12 2016 01: +0,0.671,15
Jul 13 2016 01: +0,0.759,20
Jul 14 2016 01: +0,0.653,13
Jul 15 2016 01: +0,0.724,10
Jul 16 2016 01: +0,0.776,17
Jul 17 2016 01: +0,0.809,13
Jul 18 2016 01: +0,0.74,13
Jul 19 2016 01: +0,0.652,13
Jul 20 2016 01: +0,0.773,17
Jul 21 2016 01: +0,0.825,8
Jul 22 2016 01: +0,0.947,5
Jul 23 2016 01: +0,0.816,10
Jul 24 2016 01: +0,0.825,11
Jul 25 2016 01: +0,0.84,22
Jul 26 2016 01: +0,0.941,6
Jul 27 2016 01: +0,1.018,13
Jul 28 2016 01: +0,1.12,8
Jul 29 2016 01: +0,0.93,17
Jul 30 2016 01: +0,0.873,15
Jul 31 2016 01: +0,0.772,14
Aug 01 2016 01: +0,0.735,18
Aug 02 2016 01: +0,0.793,15
Aug 03 2016 01: +0,0.781,12
Aug 04 2016 01: +0,0.806,17
Aug 05 2016 01: +0,0.696,4
Aug 06 2016 01: +0,0.72,1
Aug 07 2016 01: +0,0.647,10
Aug 08 2016 01: +0,0.607,16
Aug 09 2016 01: +0,0.62,19
Aug 10 2016 01: +0,0.529,3
Aug 11 2016 01: +0,0.561,12
Aug 12 2016 01: +0,0.665,9
Aug 13 2016 01: +0,0.869,19
Aug 14 2016 01: +0,1.047,6
Aug 15 2016 01: +0,0.939,9
Aug 16 2016 01: +0,0.825,16
Aug 17 2016 01: +0,0.832,12
Aug 18 2016 01: +0,0.711,13
Aug 19 2016 01: +0,0.719,11
Aug 20 2016 01: +0,0.669,6
Aug 21 2016 01: +0,0.637,16
Aug 22 2016 01: +0,0.769,27
Aug 23 2016 01: +0,0.616,12
Aug 24 2016 01: +0,0.677,15
Aug 25 2016 01: +0,0.65,12
Aug 26 2016 01: +0,0.742,13
Aug 27 2016 01: +0,0.752,7
Aug 28 2016 01: +0,0.749,14
Aug 29 2016 01: +0,0.718,15
Aug 30 2016 01: +0,0.754,6
Aug 31 2016 01: +0,0.685,19
Sep 01 2016 01: +0,0.906,7
Sep 02 2016 01: +0,0.918,10
Sep 03 2016 01: +0,0.922,6
Sep 04 2016 01: +0,0.865,6
Sep 05 2016 01: +0,0.832,18
Sep 06 2016 01: +0,0.662,14
Sep 07 2016 01: +0,0.78,9
Sep 08 2016 01: +0,0.743,9
Sep 09 2016 01: +0,0.736,11
Sep 10 2016 01: +0,0.725,9
Sep 11 2016 01: +0,0.698,21
Sep 12 2016 01: +0,0.766,3
Sep 13 2016 01: +0,0.675,12
Sep 14 2016 01: +0,0.642,4
Sep 15 2016 01: +0,0.671,16
Sep 16 2016 01: +0,1.142,12
Sep 17 2016 01: +0,0.709,16
Sep 18 2016 01: +0,0.67,11
Sep 19 2016 01: +0,0.691,13
Sep 20 2016 01: +0,0.7,8
Sep 21 2016 01: +0,0.728,6
Sep 22 2016 01: +0,0.729,7
Sep 23 2016 01: +0,0.676,11
Sep 24 2016 01: +0,0.661,5
Sep 25 2016 01: +0,0.699,24
Sep 26 2016 01: +0,0.583,4
Sep 27 2016 01: +0,0.7,7
Sep 28 2016 01: +0,0.659,10
Sep 29 2016 01: +0,0.684,12
Sep 30 2016 01: +0,0.711,8
Oct 01 2016 01: +0,0.715,5
Oct 02 2016 01: +0,0.73,7
Oct 03 2016 01: +0,0.736,8
Oct 04 2016 01: +0,0.734,9
Oct 05 2016 01: +0,0.746,7
Oct 06 2016 01: +0,0.718,5
Oct 07 2016 01: +0,0.749,7
Oct 08 2016 01: +0,0.743,10
Oct 09 2016 01: +0,0.766,11
Oct 10 2016 01: +0,0.672,12
Oct 11 2016 01: +0,0.777,6
Oct 12 2016 01: +0,0.837,13
Oct 13 2016 01: +0,0.868,2
Oct 14 2016 01: +0,0.71,3
Oct 15 2016 01: +0,0.708,13
Oct 16 2016 01: +0,0.741,17
Oct 17 2016 01: +0,4.32,7
Oct 18 2016 01: +0,0.732,11
Oct 19 2016 01: +0,0.725,6
Oct 20 2016 01: +0,0.748,9
Oct 21 2016 01: +0,0.785,8
Oct 22 2016 01: +0,0.716,11
Oct 23 2016 01: +0,0.764,9
Oct 24 2016 01: +0,0.67,9
Oct 25 2016 01: +0,0.738,12
Oct 26 2016 01: +0,0.75,4
Oct 27 2016 01: +0,0.654,12
Oct 28 2016 01: +0,0.684,11
Oct 29 2016 01: +0,0.698,10
Oct 30 2016 01: +0,0.619,12
Oct 31 2016 01: +0,0.658,14
Nov 01 2016 01: +0,0.673,14
Nov 02 2016 01: +0,0.729,8
Nov 03 2016 01: +0,0.73,11
Nov 04 2016 01: +0,0.714,12
Nov 05 2016 01: +0,0.717,10
Nov 06 2016 01: +0,0.659,12
Nov 07 2016 01: +0,0.794,18
Nov 08 2016 01: +0,0.681,6
Nov 09 2016 01: +0,0.692,15
Nov 10 2016 01: +0,0.742,9
Nov 11 2016 01: +0,0.705,2
Nov 12 2016 01: +0,0.681,12
Nov 13 2016 01: +0,0.618,10
Nov 14 2016 01: +0,0.634,7
Nov 15 2016 01: +0,0.619,12
Nov 16 2016 01: +0,0.641,8
Nov 17 2016 01: +0,0.634,9
Nov 18 2016 01: +0,0.694,6
Nov 19 2016 01: +0,0.737,8
Nov 20 2016 01: +0,0.751,6
Nov 21 2016 01: +0,0.74,5
Nov 22 2016 01: +0,0.753,3
Nov 23 2016 01: +0,0.647,8
Nov 24 2016 01: +0,0.665,8
Nov 25 2016 01: +0,0.628,12
Nov 26 2016 01: +0,0.672,21
Nov 27 2016 01: +0,0.684,11
Nov 28 2016 01: +0,0.609,10
Nov 29 2016 01: +0,0.617,16
Nov 30 2016 01: +0,2.065,12
Dec 01 2016 01: +0,0.62,5
Dec 02 2016 01: +0,0.656,9
Dec 03 2016 01: +0,0.668,8
Dec 04 2016 01: +0,0.619,16
Dec 05 2016 01: +0,0.637,13
Dec 06 2016 01: +0,0.714,9
Dec 07 2016 01: +0,0.681,10
Dec 08 2016 01: +0,0.675,11
Dec 09 2016 01: +0,0.747,12
Dec 10 2016 01: +0,0.96,11
Dec 11 2016 01: +0,0.724,13
Dec 12 2016 01: +0,0.69,13
Dec 13 2016 01: +0,0.683,9
Dec 14 2016 01: +0,0.755,8
Dec 15 2016 01: +0,0.724,9
Dec 16 2016 01: +0,0.715,14
Dec 17 2016 01: +0,0.668,6
Dec 18 2016 01: +0,0.717,18
Dec 19 2016 01: +0,0.633,6
Dec 20 2016 01: +0,0.796,21
Dec 21 2016 01: +0,0.649,5
Dec 22 2016 01: +0,0.665,13
Dec 23 2016 01: +0,0.671,6
Dec 24 2016 01: +0,0.642,15
Dec 25 2016 01: +0,1.005,19
Dec 26 2016 01: +0,0.634,7
Dec 27 2016 01: +0,0.648,8
Dec 28 2016 01: +0,0.674,8
Dec 29 2016 01: +0,0.681,12
Dec 30 2016 01: +0,0.687,12
Dec 31 2016 01: +0,0.651,9
Jan 01 2017 01: +0,0.641,16
Jan 02 2017 01: +0,0.743,13
Jan 03 2017 01: +0,0.728,8
Jan 04 2017 01: +0,0.78,10
Jan 05 2017 01: +0,0.86,10
Jan 06 2017 01: +0,0.912,8
Jan 07 2017 01: +0,1.078,8
Jan 08 2017 01: +0,1.127,9
Jan 09 2017 01: +0,0.826,6
Jan 10 2017 01: +0,0.881,13
Jan 11 2017 01: +0,0.867,6
Jan 12 2017 01: +0,0.807,9
Jan 13 2017 01: +0,0.805,9
Jan 14 2017 01: +0,0.844,8
Jan 15 2017 01: +0,0.774,6
Jan 16 2017 01: +0,0.692,12
Jan 17 2017 01: +0,0.707,5
Jan 18 2017 01: +0,0.677,6
Jan 19 2017 01: +0,0.72,8
Jan 20 2017 01: +0,0.686,5
Jan 21 2017 01: +0,0.774,21
Jan 22 2017 01: +0,1.056,3
Jan 23 2017 01: +0,0.867,11
Jan 24 2017 01: +0,0.731,9
Jan 25 2017 01: +0,0.741,5
Jan 26 2017 01: +0,0.779,12
Jan 27 2017 01: +0,0.779,4
Jan 28 2017 01: +0,0.678,6
Jan 29 2017 01: +0,0.749,13
Jan 30 2017 01: +0,0.798,18
Jan 31 2017 01: +0,0.844,8
Feb 01 2017 01: +0,0.789,7
Feb 02 2017 01: +0,0.707,6
Feb 03 2017 01: +0,0.707,19
Feb 04 2017 01: +0,0.846,13
Feb 05 2017 01: +0,0.991,7
Feb 06 2017 01: +0,0.865,8
Feb 07 2017 01: +0,0.954,6
Feb 08 2017 01: +0,0.777,7
Feb 09 2017 01: +0,0.819,5
Feb 10 2017 01: +0,0.955,7
Feb 11 2017 01: +0,1.194,10
Feb 12 2017 01: +0,0.879,12
Feb 13 2017 01: +0,0.859,8
Feb 14 2017 01: +0,0.833,7
Feb 15 2017 01: +0,0.848,12
Feb 16 2017 01: +0,0.869,7
Feb 17 2017 01: +0,0.814,6
Feb 18 2017 01: +0,1.09,18
Feb 19 2017 01: +0,0.709,11
Feb 20 2017 01: +0,0.754,10
Feb 21 2017 01: +0,0.648,5
Feb 22 2017 01: +0,0.728,8
Feb 23 2017 01: +0,0.711,9
Feb 24 2017 01: +0,0.79,11
Feb 25 2017 01: +0,0.789,18
Feb 26 2017 01: +0,0.933,9
Feb 27 2017 01: +0,0.964,7
Feb 28 2017 01: +0,0.903,15
Mar 01 2017 01: +0,0.948,6
Mar 02 2017 01: +0,1.162,14
Mar 03 2017 01: +0,0.88,15
Mar 04 2017 01: +0,1.027,10
Mar 05 2017 01: +0,0.971,8
Mar 06 2017 01: +0,0.857,19
Mar 07 2017 01: +0,0.905,8
Mar 08 2017 01: +0,0.938,9
Mar 09 2017 01: +0,0.928,4
Mar 10 2017 01: +0,0.895,10
Mar 11 2017 01: +0,0.822,9
Mar 12 2017 01: +0,0.817,12
Mar 13 2017 01: +0,0.827,9
Mar 14 2017 01: +0,0.92,9
Mar 15 2017 01: +0,0.937,2
Mar 16 2017 01: +0,0.875,8
Mar 17 2017 01: +0,0.913,14
Mar 18 2017 01: +0,0.771,4
Mar 19 2017 01: +0,0.722,11
Mar 20 2017 01: +0,0.692,13
Mar 21 2017 01: +0,0.714,11
Mar 22 2017 01: +0,0.767,10
Mar 23 2017 01: +0,0.83,8
Mar 24 2017 01: +0,0.829,11
Mar 25 2017 01: +0,1.035,15
Mar 26 2017 01: +0,0.821,16
Mar 27 2017 01: +0,0.801,10
Mar 28 2017 01: +0,0.757,7
Mar 29 2017 01: +0,0.879,23
Mar 30 2017 01: +0,0.876,6
Mar 31 2017 01: +0,0.913,15
Apr 01 2017 01: +0,0.94,16
Apr 02 2017 01: +0,0.94,8
Apr 03 2017 01: +0,0.755,12
Apr 04 2017 01: +0,0.669,12
Apr 05 2017 01: +0,0.595,15
Apr 06 2017 01: +0,0.756,17
Apr 07 2017 01: +0,0.726,13
Apr 08 2017 01: +0,0.782,13
Apr 09 2017 01: +0,0.738,7
Apr 10 2017 01: +0,0.794,6
Apr 11 2017 01: +0,0.787,10
Apr 12 2017 01: +0,0.932,10
Apr 13 2017 01: +0,0.856,16
Apr 14 2017 01: +0,0.929,13
Apr 15 2017 01: +0,1.03,10
Apr 16 2017 01: +0,0.866,15
Apr 17 2017 01: +0,0.962,14
Apr 18 2017 01: +0,0.945,10
Apr 19 2017 01: +0,1.003,17
Apr 20 2017 01: +0,0.845,2
Apr 21 2017 01: +0,0.871,7
Apr 22 2017 01: +0,0.824,11
Apr 23 2017 01: +0,0.824,14
Apr 24 2017 01: +0,0.956,4
Apr 25 2017 01: +0,0.956,5
Apr 26 2017 01: +0,0.922,5
Apr 27 2017 01: +0,0.908,10
Apr 28 2017 01: +0,0.949,9
Apr 29 2017 01: +0,0.772,13
Apr 30 2017 01: +0,0.875,7
May 01 2017 01: +0,0.812,13
May 02 2017 01: +0,0.92,10
May 03 2017 01: +0,0.852,6
May 04 2017 01: +0,0.872,1
May 05 2017 01: +0,0.839,4
May 06 2017 01: +0,0.829,18
May 07 2017 01: +0,0.891,7
May 08 2017 01: +0,0.971,12
May 09 2017 01: +0,0.903,6
May 10 2017 01: +0,0.84,7
May 11 2017 01: +0,0.848,9
May 12 2017 01: +0,0.875,11
May 13 2017 01: +0,0.921,4
May 14 2017 01: +0,0.865,10
May 15 2017 01: +0,0.849,2
May 16 2017 01: +0,0.831,9
May 17 2017 01: +0,0.929,7
May 18 2017 01: +0,0.972,4
May 19 2017 01: +0,0.94,18
May 20 2017 01: +0,0.923,11
May 21 2017 01: +0,0.918,8
May 22 2017 01: +0,0.878,6
May 23 2017 01: +0,0.837,4
May 24 2017 01: +0,0.75,7
May 25 2017 01: +0,0.659,9
May 26 2017 01: +0,0.718,12
May 27 2017 01: +0,0.727,11
May 28 2017 01: +0,0.905,11
May 29 2017 01: +0,0.92,12
May 30 2017 01: +0,0.815,7
May 31 2017 01: +0,0.853,13
Jun 01 2017 01: +0,0.874,9
Jun 02 2017 01: +0,0.822,12
Jun 03 2017 01: +0,0.935,8
Jun 04 2017 01: +0,0.88,6
Jun 05 2017 01: +0,0.812,8
Jun 06 2017 01: +0,0.849,11
Jun 07 2017 01: +0,0.838,10
Jun 08 2017 01: +0,0.9,6
Jun 09 2017 01: +0,0.801,9
Jun 10 2017 01: +0,0.789,14
Jun 11 2017 01: +0,0.879,13
Jun 12 2017 01: +0,0.898,8
Jun 13 2017 01: +0,1.009,12
Jun 14 2017 01: +0,0.907,5
Jun 15 2017 01: +0,0.945,14
Jun 16 2017 01: +0,1.051,7
Jun 17 2017 01: +0,1.098,12
Jun 18 2017 01: +0,1.154,11
Jun 19 2017 01: +0,1.116,6
Jun 20 2017 01: +0,0.944,14
Jun 21 2017 01: +0,0.975,11
Jun 22 2017 01: +0,0.892,11
Jun 23 2017 01: +0,0.921,8
Jun 24 2017 01: +0,0.669,14
Jun 25 2017 01: +0,0.695,6
Jun 26 2017 01: +0,0.621,13
Jun 27 2017 01: +0,0.657,14
Jun 28 2017 01: +0,0.897,9
Jun 29 2017 01: +0,1.016,13
Jun 30 2017 01: +0,1.028,5
Jul 01 2017 01: +0,0.953,14
Jul 02 2017 01: +0,0.951,7
Jul 03 2017 01: +0,0.946,9
Jul 04 2017 01: +0,0.822,9
Jul 05 2017 01: +0,0.863,12
Jul 06 2017 01: +0,0.866,16
Jul 07 2017 01: +0,1.012,5
Jul 08 2017 01: +0,0.875,2
Jul 09 2017 01: +0,0.795,4
Jul 10 2017 01: +0,0.86,8
Jul 11 2017 01: +0,0.897,13
Jul 12 2017 01: +0,0.836,7
Jul 13 2017 01: +0,0.867,10
Jul 14 2017 01: +0,0.993,12
Jul 15 2017 01: +0,0.912,12
Jul 16 2017 01: +0,0.965,7
Jul 17 2017 01: +0,1.111,9
Jul 18 2017 01: +0,1.159,6
Jul 19 2017 01: +0,0.857,9
Jul 20 2017 01: +0,0.892,3
Jul 21 2017 01: +0,1.018,7
Jul 22 2017 01: +0,0.934,13
Jul 23 2017 01: +0,1.039,11
Jul 24 2017 01: +0,1.011,8
Jul 25 2017 01: +0,1.152,6
Jul 26 2017 01: +0,0.974,10
Jul 27 2017 01: +0,0.952,19
Jul 28 2017 01: +0,1.347,10
Jul 29 2017 01: +0,1.16,8
Jul 30 2017 01: +0,1.359,6
Jul 31 2017 01: +0,1.371,8
Aug 01 2017 01: +0,1.049,9
Aug 02 2017 01: +0,1.054,15
Aug 03 2017 01: +0,1.053,7
Aug 04 2017 01: +0,0.978,6
Aug 05 2017 01: +0,1.192,6
Aug 06 2017 01: +0,1.028,12
Aug 07 2017 01: +0,1.002,7
Aug 08 2017 01: +0,0.866,10
Aug 09 2017 01: +0,0.947,18
Aug 10 2017 01: +0,1.128,8
Aug 11 2017 01: +0,1.046,8
Aug 12 2017 01: +0,1.134,11
Aug 13 2017 01: +0,1.094,6
Aug 14 2017 01: +0,0.961,6
Aug 15 2017 01: +0,1.088,16
Aug 16 2017 01: +0,1.202,12
Aug 17 2017 01: +0,1.343,3
Aug 18 2017 01: +0,0.97,7
Aug 19 2017 01: +0,0.957,9
Aug 20 2017 01: +0,0.976,7
Aug 21 2017 01: +0,0.957,6
Aug 22 2017 01: +0,0.824,6
Aug 23 2017 01: +0,0.942,7
Aug 24 2017 01: +0,0.937,8
Aug 25 2017 01: +0,0.937,5
Aug 26 2017 01: +0,0.866,5
Aug 27 2017 01: +0,0.827,6
Aug 28 2017 01: +0,0.865,6
Aug 29 2017 01: +0,0.834,7
Aug 30 2017 01: +0,0.833,7
Aug 31 2017 01: +0,0.735,5
Sep 01 2017 01: +0,0.736,4
Sep 02 2017 01: +0,0.78,12
Sep 03 2017 01: +0,0.701,2
Sep 04 2017 01: +0,0.678,11
Sep 05 2017 01: +0,0.781,1
Sep 06 2017 01: +0,0.668,4
Sep 07 2017 01: +0,0.78,6
Sep 08 2017 01: +0,0.759,6
Sep 09 2017 01: +0,0.77,1
Sep 10 2017 01: +0,0.749,12
Sep 11 2017 01: +0,0.7,9
Sep 12 2017 01: +0,0.756,4
Sep 13 2017 01: +0,0.67,6
Sep 14 2017 01: +0,0.597,5
Sep 15 2017 01: +0,0.709,8
Sep 16 2017 01: +0,0.72,10
Sep 17 2017 01: +0,0.745,4
Sep 18 2017 01: +0,0.749,14
Sep 19 2017 01: +0,0.776,13
Sep 20 2017 01: +0,0.74,6
Sep 21 2017 01: +0,0.744,7
Sep 22 2017 01: +0,0.717,4
Sep 23 2017 01: +0,0.723,12
Sep 24 2017 01: +0,0.727,8
Sep 25 2017 01: +0,0.769,5
Sep 26 2017 01: +0,0.794,3
Sep 27 2017 01: +0,0.708,8
Sep 28 2017 01: +0,0.722,4
Sep 29 2017 01: +0,0.661,5
Sep 30 2017 01: +0,0.688,3
Oct 01 2017 01: +0,0.708,9
Oct 02 2017 01: +0,0.672,11
Oct 03 2017 01: +0,0.685,7
Oct 04 2017 01: +0,0.701,5
Oct 05 2017 01: +0,0.69,6
Oct 06 2017 01: +0,0.618,7
Oct 07 2017 01: +0,0.613,5
Oct 08 2017 01: +0,0.59,7
Oct 09 2017 01: +0,0.575,10
Oct 10 2017 01: +0,0.667,11
Oct 11 2017 01: +0,0.731,6
Oct 12 2017 01: +0,0.704,15
Oct 13 2017 01: +0,0.763,8
Oct 14 2017 01: +0,0.777,5
Oct 15 2017 01: +0,0.736,8
Oct 16 2017 01: +0,0.693,14
Oct 17 2017 01: +0,0.628,6
Oct 18 2017 01: +0,0.689,4
Oct 19 2017 01: +0,0.677,5
Oct 20 2017 01: +0,0.782,13
Oct 21 2017 01: +0,0.87,7
Oct 22 2017 01: +0,0.811,4
Oct 23 2017 01: +0,0.781,5
Oct 24 2017 01: +0,0.811,8
Oct 25 2017 01: +0,0.823,5
Oct 26 2017 01: +0,0.907,5
Oct 27 2017 01: +0,0.732,9
Oct 28 2017 01: +0,0.705,4
Oct 29 2017 01: +0,0.682,5
Oct 30 2017 01: +0,0.747,3
Oct 31 2017 01: +0,0.673,7
Nov 01 2017 01: +0,0.683,8
Nov 02 2017 01: +0,0.662,3
Nov 03 2017 01: +0,0.638,6
Nov 04 2017 01: +0,0.691,3
Nov 05 2017 01: +0,0.638,4
Nov 06 2017 01: +0,0.69,4
Nov 07 2017 01: +0,0.691,6
Nov 08 2017 01: +0,0.717,3
Nov 09 2017 01: +0,0.723,7
Nov 10 2017 01: +0,0.728,3
Nov 11 2017 01: +0,0.642,6
Nov 12 2017 01: +0,0.69,7
Nov 13 2017 01: +0,0.658,3
Nov 14 2017 01: +0,0.645,9
Nov 15 2017 01: +0,0.636,9
Nov 16 2017 01: +0,0.658,12
Nov 17 2017 01: +0,0.624,6
Nov 18 2017 01: +0,0.683,5
Nov 19 2017 01: +0,0.618,6
Nov 20 2017 01: +0,0.662,5
Nov 21 2017 01: +0,0.636,6
Nov 22 2017 01: +0,0.678,5
Nov 23 2017 01: +0,0.56,5
Nov 24 2017 01: +0,0.625,10
Nov 25 2017 01: +0,0.777,2
Nov 26 2017 01: +0,0.726,4
Nov 27 2017 01: +0,0.695,5
Nov 28 2017 01: +0,0.672,3
Nov 29 2017 01: +0,0.611,6
Nov 30 2017 01: +0,0.655,5
Dec 01 2017 01: +0,0.652,9
Dec 02 2017 01: +0,0.587,7
Dec 03 2017 01: +0,0.654,5
Dec 04 2017 01: +0,0.601,8
Dec 05 2017 01: +0,0.722,3
Dec 06 2017 01: +0,0.718,2
Dec 07 2017 01: +0,0.654,10
Dec 08 2017 01: +0,0.658,6
Dec 09 2017 01: +0,0.617,6
Dec 10 2017 01: +0,0.625,1
Dec 11 2017 01: +0,0.723,6
Dec 12 2017 01: +0,0.715,2
Dec 13 2017 01: +0,0.609,5
Dec 14 2017 01: +0,0.597,4
Dec 15 2017 01: +0,0.49,1
Dec 16 2017 01: +0,0.633,7
Dec 17 2017 01: +0,0.686,15
Dec 18 2017 01: +0,0.705,9
Dec 19 2017 01: +0,0.832,5
Dec 20 2017 01: +0,0.76,6
Dec 21 2017 01: +0,0.839,8
Dec 22 2017 01: +0,0.963,9
Dec 23 2017 01: +0,0.899,14
Dec 24 2017 01: +0,0.912,10
Dec 25 2017 01: +0,0.983,6
Dec 26 2017 01: +0,1,15
Dec 27 2017 01: +0,1.014,7
Dec 28 2017 01: +0,1.002,9
Dec 29 2017 01: +0,0.856,10
Dec 30 2017 01: +0,0.908,9
Dec 31 2017 01: +0,0.972,12
Jan 01 2018 01: +0,0.926,6
Jan 02 2018 01: +0,0.964,6
Jan 03 2018 01: +0,0.993,7
Jan 04 2018 01: +0,0.981,8
Jan 05 2018 01: +0,1.018,13
Jan 06 2018 01: +0,1.042,6
Jan 07 2018 01: +0,1.092,6
Jan 08 2018 01: +0,1.16,9
Jan 09 2018 01: +0,1.246,14
Jan 10 2018 01: +0,2.035,2
Jan 11 2018 01: +0,1.203,9
Jan 12 2018 01: +0,1.155,12
Jan 13 2018 01: +0,1.192,12
Jan 14 2018 01: +0,1.241,4
Jan 15 2018 01: +0,1.207,5
Jan 16 2018 01: +0,1.112,6
Jan 17 2018 01: +0,1.076,11
Jan 18 2018 01: +0,1.058,7
Jan 19 2018 01: +0,1.192,15
Jan 20 2018 01: +0,1.377,5
Jan 21 2018 01: +0,1.354,7
Jan 22 2018 01: +0,1.219,3
Jan 23 2018 01: +0,1.197,9
Jan 24 2018 01: +0,1.167,14
Jan 25 2018 01: +0,1.384,3
Jan 26 2018 01: +0,1.299,8
Jan 27 2018 01: +0,1.145,6
Jan 28 2018 01: +0,1.133,7
Jan 29 2018 01: +0,1.174,11
Jan 30 2018 01: +0,1.302,9
Jan 31 2018 01: +0,1.151,6
Feb 01 2018 01: +0,1.134,4
Feb 02 2018 01: +0,1.239,7
Feb 03 2018 01: +0,1.214,4
Feb 04 2018 01: +0,1.178,6
Feb 05 2018 01: +0,1.05,4
Feb 06 2018 01: +0,1.187,5
Feb 07 2018 01: +0,1.103,7
Feb 08 2018 01: +0,1.185,7
Feb 09 2018 01: +0,1.205,5
Feb 10 2018 01: +0,1.214,9
Feb 11 2018 01: +0,1.224,12
Feb 12 2018 01: +0,1.235,8
Feb 13 2018 01: +0,1.233,5
Feb 14 2018 01: +0,1.182,6
Feb 15 2018 01: +0,1.232,7
Feb 16 2018 01: +0,1.29,4
Feb 17 2018 01: +0,1.318,7
Feb 18 2018 01: +0,1.173,7
Feb 19 2018 01: +0,1.166,6
Feb 20 2018 01: +0,1.145,5
Feb 21 2018 01: +0,1.131,6
Feb 22 2018 01: +0,1.025,7
Feb 23 2018 01: +0,1.073,11
Feb 24 2018 01: +0,1.123,12
Feb 25 2018 01: +0,1.31,17
Feb 26 2018 01: +0,1.246,4
Feb 27 2018 01: +0,1.226,6
Feb 28 2018 01: +0,1.228,8
Feb 28 2018 20: +0,1.204,1
Feb 28 2018 21: +0,0.82,1
Feb 28 2018 22: +0,1.277,2
Feb 28 2018 23: +0,1.295,1
Mar 01 2018 01: +0,1.29,1
Mar 01 2018 02: +0,1.3,1
Mar 01 2018 07: +0,1.19,1
Mar 01 2018 10: +0,1.207,1
Mar 01 2018 18: +0,1.191,2
Mar 01 2018 23: +0,1.03,1
Mar 02 2018 00: +0,1.165,1
Mar 02 2018 01: +0,1.17,1
Mar 02 2018 03: +0,1.117,1
Mar 02 2018 13: +0,1.168,1
Mar 02 2018 16: +0,1.192,2
Mar 02 2018 22: +0,1.11,1
Mar 03 2018 00: +0,1.046,1
Mar 03 2018 01: +0,1.18,1
Mar 03 2018 02: +0,1.085,2
Mar 03 2018 04: +0,1,1
Mar 03 2018 14: +0,0.993,2
Mar 03 2018 18: +0,1.13,1
Mar 03 2018 19: +0,1.135,2
Mar 03 2018 20: +0,1.171,4
Mar 04 2018 12: +0,1.149,1
Mar 04 2018 13: +0,1.16,1
Mar 04 2018 14: +0,1.164,1
Mar 04 2018 16: +0,1.169,1
Mar 04 2018 18: +0,1.176,1
Mar 04 2018 19: +0,1.206,1
Mar 04 2018 20: +0,1.163,2
Mar 04 2018 21: +0,1.173,1
Mar 05 2018 00: +0,1.183,1
Mar 05 2018 03: +0,1.05,1
Mar 05 2018 09: +0,1.173,1
Mar 05 2018 17: +0,1.184,1
Mar 06 2018 01: +0,1.233,2
Mar 06 2018 04: +0,0.87,1
Mar 06 2018 09: +0,1.311,1
Mar 06 2018 10: +0,1.115,1
Mar 06 2018 13: +0,1.369,1
Mar 06 2018 16: +0,1.329,1
Mar 06 2018 18: +0,1.095,1
Mar 06 2018 20: +0,1.231,1
Mar 07 2018 13: +0,0.87,1
Mar 07 2018 18: +0,1.238,10
Mar 07 2018 19: +0,1.25,1
Mar 07 2018 20: +0,1.102,1
Mar 07 2018 21: +0,1.281,1
Mar 07 2018 23: +0,1.29,1
Mar 08 2018 03: +0,1.06,1
Mar 08 2018 07: +0,1.29,1
Mar 08 2018 11: +0,1.15,1
Mar 08 2018 21: +0,1.302,1
Mar 09 2018 00: +0,1.293,2
Mar 09 2018 03: +0,1.237,1
Mar 09 2018 14: +0,1.212,1
Mar 09 2018 15: +0,1.209,1
Mar 09 2018 16: +0,1.249,1
Mar 09 2018 19: +0,1.249,1
Mar 09 2018 21: +0,1.263,1
Mar 09 2018 22: +0,1.176,1
Mar 10 2018 03: +0,1.28,1
Mar 10 2018 13: +0,1.278,1
Mar 10 2018 18: +0,1.255,1
Mar 10 2018 19: +0,1.27,9
Mar 11 2018 03: +0,1.278,1
Mar 11 2018 09: +0,1.278,1
Mar 11 2018 10: +0,1.278,1
Mar 11 2018 14: +0,1.273,2
Mar 12 2018 04: +0,1.267,1
Mar 12 2018 07: +0,1.288,1
Mar 12 2018 18: +0,1.173,2
Mar 12 2018 19: +0,1.265,1
Mar 12 2018 21: +0,1.266,1
Mar 13 2018 04: +0,1.277,1
Mar 13 2018 11: +0,1.291,1
Mar 13 2018 12: +0,1.09,1
Mar 13 2018 17: +0,1.275,1
Mar 13 2018 18: +0,1.278,1
Mar 13 2018 19: +0,1.278,1
Mar 13 2018 21: +0,1.28,1
Mar 14 2018 02: +0,1.28,1
Mar 14 2018 10: +0,1.087,1
Mar 14 2018 13: +0,1.287,1
Mar 14 2018 15: +0,1.287,1
Mar 14 2018 17: +0,1.099,1
Mar 14 2018 19: +0,1.219,1
Mar 14 2018 21: +0,1.1,1
Mar 15 2018 02: +0,0.95,1
Mar 15 2018 08: +0,1.105,1
Mar 15 2018 14: +0,1.211,2
Mar 15 2018 15: +0,1.02,2
Mar 15 2018 20: +0,1.198,1
Mar 15 2018 23: +0,1.204,1
Mar 16 2018 01: +0,0.86,1
Mar 16 2018 02: +0,0.99,1
Mar 16 2018 08: +0,1.147,1
Mar 16 2018 09: +0,1.127,1
Mar 16 2018 16: +0,1.11,1
Mar 16 2018 17: +0,1.117,2
Mar 16 2018 18: +0,1.129,1
Mar 16 2018 22: +0,0.84,1
Mar 16 2018 23: +0,1.1,1
Mar 17 2018 00: +0,1.093,1
Mar 17 2018 05: +0,1.1,1
Mar 17 2018 14: +0,1.13,1
Mar 17 2018 15: +0,1.059,1
Mar 17 2018 18: +0,1.13,1
Mar 18 2018 00: +0,0.986,2
Mar 18 2018 06: +0,1.092,1
Mar 18 2018 13: +0,0.971,2
Mar 18 2018 14: +0,0.983,1
Mar 18 2018 15: +0,0.982,1
Mar 18 2018 17: +0,0.983,1
Mar 18 2018 18: +0,0.69,1
Mar 18 2018 19: +0,0.983,1
Mar 18 2018 20: +0,0.984,2
Mar 18 2018 22: +0,0.988,1
Mar 19 2018 00: +0,0.97,1
Mar 19 2018 11: +0,0.988,3
Mar 19 2018 12: +0,0.989,1
Mar 20 2018 00: +0,0.968,2
Mar 20 2018 06: +0,0.97,1
Mar 20 2018 21: +0,0.97,1
Mar 21 2018 00: +0,0.969,1
Mar 21 2018 01: +0,0.825,1
Mar 21 2018 10: +0,0.96,1
Mar 21 2018 12: +0,0.966,1
Mar 21 2018 15: +0,1.325,1
Mar 21 2018 20: +0,0.957,1
Mar 21 2018 21: +0,0.957,1
Mar 22 2018 15: +0,0.899,2
Mar 22 2018 17: +0,0.759,1
Mar 22 2018 18: +0,0.95,1
Mar 22 2018 19: +0,0.953,1
Mar 22 2018 21: +0,0.958,1
Mar 23 2018 02: +0,0.95,1
Mar 23 2018 09: +0,0.83,1
Mar 23 2018 10: +0,0.873,1
Mar 23 2018 17: +0,0.78,1
Mar 24 2018 00: +0,1.183,2
Mar 24 2018 07: +0,0.862,1
Mar 24 2018 13: +0,0.86,2
Mar 24 2018 14: +0,0.863,1
Mar 24 2018 18: +0,0.876,10
Mar 24 2018 20: +0,0.879,2
Mar 24 2018 23: +0,0.878,2
Mar 25 2018 01: +0,0.876,1
Mar 25 2018 02: +0,0.95,1
Mar 25 2018 04: +0,0.949,1
Mar 25 2018 14: +0,0.937,1
Mar 25 2018 21: +0,0.93,1
Mar 25 2018 23: +0,0.78,1
Mar 26 2018 02: +0,0.94,1
Mar 26 2018 16: +0,0.819,1
Mar 26 2018 17: +0,0.778,1
Mar 27 2018 01: +0,0.74,1
Mar 27 2018 02: +0,0.881,1
Mar 27 2018 03: +0,0.872,1
Mar 27 2018 11: +0,0.854,1
Mar 27 2018 16: +0,0.819,2
Mar 27 2018 18: +0,0.85,1
Mar 27 2018 19: +0,0.855,1
Mar 27 2018 20: +0,0.857,1
Mar 27 2018 22: +0,0.76,1
Mar 28 2018 12: +0,0.849,1
Mar 28 2018 16: +0,0.838,2
Mar 28 2018 20: +0,0.828,1
Mar 29 2018 00: +0,0.839,2
Mar 29 2018 01: +0,0.43,1
Mar 29 2018 09: +0,0.75,1
Mar 29 2018 15: +0,0.741,1
Mar 29 2018 16: +0,0.751,1
Mar 29 2018 22: +0,0.813,1
Mar 30 2018 00: +0,0.782,2
Mar 30 2018 09: +0,0.758,2
Mar 30 2018 13: +0,0.7,1
Mar 30 2018 14: +0,0.776,1
Mar 30 2018 16: +0,0.776,3
Mar 30 2018 17: +0,0.79,1
